17999 18000 normal
Running object 17999
0.07039081567272482 1.1266227863751934
OG ERR g
[0.07459545 0.09234579 0.10030639 0.03425792 0.04174685 0.0928278
 0.04036601 0.04191617 0.05595272 0.03731399 0.03876229 0.03848888
 0.15081567 0.10166416 0.04216798 0.03460601 0.03273329 0.07364437
 0.04938819 0.03073203 0.12710918 0.16416447 0.03462589 0.03987495
 0.05148932 0.09304092 0.08077135 0.05561156 0.03148304 0.07128302
 0.03499444 0.04172183 0.0529577  0.05063216 0.03810907 0.04303117
 0.08573591 0.03330246 0.03665334 0.06810839 0.06064024 0.04824565
 0.07569314 0.0311845  0.09029219 0.0325008  0.03193433 0.07061961
 0.15273535 0.06168832 0.03179878 0.03814369 0.10229757 0.12620169
 0.03997061 0.04047594 0.04039236 0.03211417 0.04162787 0.03941934
 0.09469005 0.05633676 0.0787745  0.06361119 0.04540585 0.04477068
 0.0263447  0.10970434 0.05935067]
AB CORR ERR g
[0.08952013 0.10989253 0.11778352 0.04357567 0.05191708 0.10985602
 0.05069756 0.05255843 0.06849728 0.04727743 0.04897635 0.04868047
 0.17644438 0.12066083 0.05292502 0.04434069 0.04220466 0.08889707
 0.06146125 0.0398182  0.14982098 0.19078048 0.04445756 0.05049461
 0.06335095 0.11010335 0.09625696 0.06815241 0.04002643 0.08500465
 0.0444003  0.05225598 0.06501648 0.06130216 0.04708121 0.05275878
 0.10110582 0.04115143 0.04489487 0.08059605 0.07205524 0.05822559
 0.08933858 0.03867772 0.10606302 0.04000645 0.03937905 0.08315994
 0.17632158 0.07279871 0.0388451  0.0462097  0.11911657 0.14629883
 0.04780708 0.04804659 0.04793053 0.03822795 0.04929714 0.04677624
 0.10928594 0.06599651 0.09129566 0.0743304  0.05361447 0.05294443
 0.03158571 0.12665445 0.06975758]
NORMED AB CORR ERR g
[0.0405843  0.0498202  0.05339761 0.0197552  0.02353681 0.04980364
 0.02298393 0.02382757 0.0310535  0.0214334  0.02220362 0.02206948
 0.07999174 0.05470205 0.02399376 0.02010202 0.01913364 0.04030183
 0.02786369 0.01805173 0.06792191 0.08649106 0.020155   0.02289192
 0.02872039 0.04991578 0.04363846 0.03089716 0.01814613 0.03853718
 0.02012904 0.02369045 0.02947547 0.02779157 0.02134445 0.02391839
 0.04583671 0.01865616 0.02035326 0.03653853 0.03266652 0.02639679
 0.04050199 0.01753469 0.04808407 0.01813708 0.01785264 0.03770088
 0.07993606 0.03300357 0.01761057 0.02094934 0.05400195 0.06632514
 0.02167352 0.02178211 0.02172949 0.01733079 0.02234904 0.02120619
 0.0495452  0.02991977 0.04138924 0.03369797 0.02430633 0.02400256
 0.0143195  0.05741928 0.03162486]
0.05221471667461246 1.056666068277515
OG ERR r
[0.0783596  0.05198635 0.08759614 0.07821897 0.04473551 0.07514652
 0.05213045 0.0506148  0.06650498 0.05048338 0.0546256  0.04689351
 0.08824688 0.04907563 0.04318038 0.0404872  0.0674895  0.06713177
 0.10415915 0.09867305 0.12463742 0.0445738  0.05418247 0.08599188
 0.06961369 0.08826998 0.06733274 0.04319709 0.05146087 0.05419578
 0.0491456  0.05025964 0.05243269 0.07214171 0.04054897 0.04557945
 0.05759676 0.04104429 0.07013863 0.06076085 0.06260925 0.04885984
 0.07175612 0.04040604 0.04154634 0.06481648 0.11719351 0.05489625
 0.03930633 0.04407521 0.08818796 0.10581879 0.07470687 0.12073728
 0.05178548 0.05760122 0.04281195 0.10204301 0.05346797 0.05586717
 0.05009458 0.06511922 0.08017442 0.03094894 0.09242251 0.07861774
 0.05289929 0.05199816 0.05578682 0.09153393 0.06792252]
AB CORR ERR r
[0.08657627 0.05851078 0.09637182 0.08626757 0.05076518 0.08303929
 0.0587253  0.056992   0.07398755 0.05690884 0.06138349 0.05301004
 0.09714799 0.05540251 0.04904994 0.04622866 0.07510541 0.07479797
 0.11395873 0.10814854 0.13543615 0.05060525 0.06076819 0.09446228
 0.07706822 0.09681468 0.07446851 0.04903714 0.05795066 0.06090925
 0.05489616 0.05606313 0.05847743 0.07905011 0.04545025 0.05082802
 0.06364955 0.04587001 0.07694479 0.06702628 0.06903262 0.05433004
 0.07873742 0.04525794 0.04642056 0.07136308 0.12672813 0.06053118
 0.0438553  0.04898578 0.09592357 0.11484083 0.08133271 0.12972394
 0.05673665 0.0630459  0.04701947 0.1100364  0.05852966 0.06101159
 0.05487387 0.07101943 0.08681394 0.03417068 0.09960828 0.08524285
 0.05766155 0.05691463 0.06110407 0.0989516  0.07396056]
NORMED AB CORR ERR r
[0.0337133  0.02278444 0.03752775 0.03359309 0.01976826 0.03233598
 0.02286798 0.02219302 0.02881118 0.02216063 0.02390309 0.02064242
 0.03782999 0.02157406 0.01910033 0.01800171 0.02924648 0.02912676
 0.04437619 0.04211367 0.05273962 0.01970598 0.02366349 0.03678416
 0.03001081 0.0377002  0.02899847 0.01909535 0.02256632 0.02371841
 0.02137688 0.02183131 0.02277145 0.03078257 0.01769859 0.01979272
 0.0247855  0.01786205 0.02996275 0.02610042 0.0268817  0.02115643
 0.03066081 0.01762371 0.01807643 0.0277892  0.04934867 0.02357119
 0.01707751 0.01907535 0.0373532  0.04471968 0.03167143 0.05051525
 0.02209358 0.02455044 0.01830966 0.04284881 0.02279179 0.02375827
 0.0213682  0.02765538 0.03380585 0.01330626 0.03878804 0.03319406
 0.02245374 0.02216289 0.02379428 0.03853233 0.02880067]
0.04806290106492023 1.0455954114090282
OG ERR i
[0.09242281 0.07621503 0.0619246  0.08955783 0.07121552 0.06022818
 0.07912458 0.06402528 0.08165498 0.07753562 0.06793331 0.06399744
 0.05485524 0.08685946 0.08551507 0.05372618 0.05013229 0.06982122
 0.09216283 0.04973057 0.11595161 0.08843832 0.09083659 0.05191609
 0.06116099 0.0689582  0.0759665  0.08276533 0.14797458 0.05231411
 0.07422752 0.06101113 0.06754879 0.06583574 0.05424127 0.07167115
 0.0679157  0.0709542  0.06222665 0.43630227 0.04796451 0.08281279
 0.09037795 0.16400705 0.06616808 0.05641244 0.0664268  0.06621933
 0.05517103 0.05204155 0.09940173 0.06867085 0.10227272 0.0751949
 0.05586198 0.05783729 0.07620042 0.12052101 0.09807851 0.08731414
 0.08857956 0.05865664 0.45965204 0.0997095  0.05414009 0.07576641
 0.08797855 0.0753486  0.07297128 0.07865761 0.08474796 0.07678843
 0.0437998  0.08937617 0.07749366 0.0531581  0.07433599 0.08720323
 0.0459185  0.08342862 0.10063653]
AB CORR ERR i
[0.10089605 0.08380293 0.06860202 0.09754198 0.07821941 0.0666714
 0.08681311 0.07076275 0.0895315  0.08503053 0.07504568 0.07091032
 0.0611354  0.09496625 0.09380082 0.06008519 0.05611842 0.07694842
 0.10075274 0.05572169 0.1258886  0.09669343 0.09910061 0.05781787
 0.0679251  0.07610255 0.08311936 0.09061631 0.15874258 0.05821665
 0.08134738 0.06763081 0.0747399  0.07267065 0.05985718 0.07832044
 0.07456206 0.07736439 0.06833592 0.4608121  0.05303295 0.08980682
 0.09794261 0.17530914 0.0721762  0.06200205 0.07276848 0.0724934
 0.06067979 0.05752344 0.10740753 0.07492798 0.11008721 0.0816555
 0.06099905 0.06324939 0.0828532  0.12903062 0.10589257 0.09398485
 0.09518964 0.06371839 0.48430398 0.10702301 0.0587755  0.0818188
 0.09422765 0.08126703 0.07895598 0.08456834 0.09142367 0.08262078
 0.04806533 0.09587621 0.0835855  0.05768481 0.08027706 0.09378798
 0.04997734 0.08964529 0.10824775]
NORMED AB CORR ERR i
[0.02882605 0.02394254 0.01959963 0.0278678  0.02234733 0.01904805
 0.02480255 0.02021696 0.0255792  0.02429327 0.02144059 0.02025912
 0.01746642 0.02713191 0.02679894 0.01716637 0.01603306 0.0219842
 0.02878511 0.01591972 0.03596644 0.02762536 0.0283131  0.01651859
 0.01940624 0.02174254 0.02374724 0.02588913 0.04535284 0.01663253
 0.02324099 0.01932216 0.02135323 0.02076204 0.01710123 0.02237619
 0.02130242 0.02210305 0.01952361 0.13165426 0.01515154 0.02565786
 0.02798226 0.05008591 0.02062078 0.01771402 0.02078999 0.0207114
 0.01733625 0.01643448 0.03068639 0.02140696 0.03145197 0.02332902
 0.01742746 0.01807038 0.0236712  0.03686411 0.03025356 0.02685152
 0.02719573 0.01820438 0.13836591 0.03057653 0.01679219 0.02337567
 0.02692089 0.02321803 0.02255777 0.02416122 0.02611979 0.0236048
 0.01373229 0.02739188 0.02388042 0.01648058 0.0229352  0.02679528
 0.01427855 0.02561171 0.03092644]
0.0339112340056333 1.0616862096323512
OG ERR z
[0.18048535 0.16731061 0.15669931 0.17743538 0.09684041 0.08589511
 0.14950076 0.15474255 0.10084783 0.10070734 0.13705344 0.10530846
 0.13012806 0.14581276 0.11632085 0.11747482 0.12276797 0.12714785
 0.12686609 0.1417436  0.12712345 0.11288915 0.12098709 0.1062234
 0.10885497 0.0953773  0.10166347 0.1625042  0.13412082 0.151025
 0.11345658 0.11794979 0.11197223 0.12954843 0.08704365 0.08102586
 0.07861333 0.12657933 0.13545254 0.16830766 0.16992044 0.08400307
 0.08833233 0.20071876 0.2307304  0.11232219 0.1132669  0.14045861
 0.12289795 0.08587424 0.11798567 0.12144048 0.11639984 0.10927556
 0.10038733 0.09737191 0.12590712 0.13251851 0.15943286 0.12491532
 0.08886116 0.08688284 0.12460542 0.14168769 0.11020459 0.09989644
 0.12258943 0.11388305 0.11829452 0.11238922 0.09427618 0.10753624
 0.1358676  0.14520441 0.11570087 0.1181395  0.11239824 0.10693824
 0.07000779 0.06921793 0.10338435 0.10064494 0.06912832 0.07017846
 0.07773575 0.12650892 0.17094263 0.14368483 0.21176216 0.21216261
 0.10613307 0.10686791 0.0927751  0.0963724  0.11706028 0.12681216
 0.09935422 0.09820975 0.09282157 0.08419499 0.08964645 0.0852913
 0.1680654  0.14323452 0.11915616 0.1181779  0.1333326  0.12876232
 0.13556498 0.13357395 0.09148074 0.09913725 0.10147786 0.10216291
 0.10356332 0.10811289 0.16143014 0.15226014 0.17311716 0.19309148
 0.21328706 0.110807   0.10336851 0.13487358 0.10319136 0.09785113
 0.15958089 0.23100252 0.16283067 0.2257216  0.11768754 0.1020146
 0.14232202 0.14796723 0.18222713 0.12744044 0.12363836 0.13983713
 0.15533277 0.14090024 0.13103087 0.14430188 0.15351906 0.15677056
 0.11611458 0.11482459 0.0683036  0.06813025 0.12164243 0.13103612
 0.0863535  0.09312324 0.14121664 0.15365541 0.17116132 0.16512902
 0.08851516 0.08515755 0.12091774 0.11441025 0.2063618  0.20060521]
AB CORR ERR z
[0.19369613 0.17957336 0.1682457  0.19052872 0.10447279 0.09271985
 0.16048488 0.16616017 0.10862702 0.10853285 0.14725384 0.11353505
 0.13985184 0.15647851 0.12525542 0.12641965 0.1321168  0.13672398
 0.1364701  0.15248717 0.13672489 0.12159525 0.1301485  0.11449426
 0.11731995 0.10291292 0.10967448 0.17460752 0.14426005 0.16227405
 0.12220868 0.12693982 0.12064511 0.13940161 0.093978   0.0875417
 0.084916   0.1361974  0.14563887 0.1807334  0.18238577 0.09066281
 0.09534613 0.21516648 0.24743578 0.12083864 0.12183773 0.15095618
 0.13226481 0.09282678 0.12699331 0.13080652 0.12525031 0.11770678
 0.10817492 0.10488742 0.13543436 0.14247662 0.17121641 0.13436602
 0.09573933 0.09366421 0.13393222 0.1521492  0.11870418 0.1076196
 0.13194212 0.12266014 0.1272949  0.12098319 0.10140538 0.11562929
 0.14578922 0.15566415 0.1244849  0.12686524 0.12068337 0.11479135
 0.0754548  0.07455409 0.11105952 0.10810838 0.07436533 0.07546904
 0.08360707 0.13554648 0.18278629 0.15405612 0.22662705 0.22684705
 0.11395074 0.11471941 0.09977752 0.103565   0.12567183 0.13608661
 0.10669561 0.10544761 0.09967094 0.09042697 0.09633964 0.09178775
 0.18000144 0.15358463 0.12803105 0.12686068 0.14280252 0.13786465
 0.14522855 0.14307882 0.09814551 0.10638653 0.10885556 0.10961975
 0.11093064 0.11595508 0.17277876 0.16302204 0.18536326 0.20636232
 0.22818275 0.11868621 0.11077335 0.14451233 0.1105663  0.10471222
 0.17075115 0.24631107 0.17403151 0.24108571 0.12574126 0.1091404
 0.15229355 0.15827997 0.19473366 0.13633181 0.13222328 0.14950335
 0.16601044 0.15067162 0.14005546 0.15420349 0.16409533 0.16757275
 0.12429758 0.12274887 0.07312643 0.07297944 0.13000578 0.14020449
 0.09235724 0.09974541 0.1510711  0.16434407 0.18290329 0.17661048
 0.09472023 0.09113636 0.12939115 0.12235844 0.2204164  0.21450236]
NORMED AB CORR ERR z
[0.0580698  0.05383582 0.0504398  0.05712022 0.03132078 0.02779727
 0.04811312 0.04981456 0.03256621 0.03253798 0.04414647 0.03403763
 0.04192737 0.04691202 0.03755138 0.03790042 0.03960841 0.04098964
 0.04091353 0.04571542 0.04098991 0.03645407 0.03901832 0.0343252
 0.03517234 0.03085313 0.03288024 0.05234706 0.04324894 0.04864951
 0.03663797 0.03805636 0.03616922 0.04179239 0.02817446 0.02624487
 0.02545768 0.04083177 0.04366231 0.05418359 0.05467897 0.02718057
 0.02858462 0.06450658 0.07418086 0.03622724 0.03652676 0.04525643
 0.03965279 0.02782932 0.0380724  0.03921559 0.03754985 0.03528831
 0.03243067 0.03144509 0.04060301 0.04271427 0.05133042 0.04028273
 0.0287025  0.02808039 0.04015267 0.0456141  0.03558733 0.03226419
 0.03955605 0.03677332 0.03816282 0.03627057 0.03040118 0.03466548
 0.04370739 0.04666787 0.03732038 0.038034   0.03618069 0.03441427
 0.02262123 0.0223512  0.03329547 0.03241073 0.02229461 0.0226255
 0.02506527 0.04063663 0.05479905 0.04618579 0.06794244 0.0680084
 0.03416226 0.0343927  0.02991315 0.03104863 0.03767622 0.04079856
 0.03198718 0.03161303 0.02988119 0.02710987 0.02888248 0.02751783
 0.05396415 0.04604444 0.03838351 0.03803264 0.04281197 0.04133161
 0.0435393  0.04289481 0.02942387 0.03189452 0.03263473 0.03286383
 0.03325683 0.03476316 0.05179881 0.04887376 0.05557162 0.06186711
 0.06840884 0.03558194 0.03320968 0.04332457 0.03314761 0.03139256
 0.05119094 0.07384368 0.05217438 0.07227712 0.03769704 0.03272013
 0.04565737 0.04745209 0.05838085 0.04087207 0.03964034 0.04482087
 0.04976967 0.04517112 0.04198841 0.04622997 0.04919553 0.05023805
 0.03726422 0.03679992 0.02192319 0.02187913 0.03897553 0.04203309
 0.02768856 0.02990352 0.04529088 0.0492701  0.05483412 0.05294755
 0.02839698 0.02732254 0.03879127 0.03668287 0.0660805  0.06430748]
0.0
Counts: {'g': 69, 'r': 71, 'i': 81, 'z': 162}
Mu: {'g': 2.2057827, 'r': 2.568015, 'i': 3.5001686, 'z': 3.3355742}
Variable??
0.04594543717736585
118.0367491045832
Variable Source!
Variable??
0.05618977698957241
75.40743997050004
Variable Source!
Variable??
0.06957683712244034
64.37002516394975
Variable Source!
Variable??
0.11350008668181594
23.940319670720637
Variable Source!
Variable:    4/4
Var Bands:   griz
Slope:       [1.2850511156826694, 1, 0.8317924476815184, 0.8597424982702457]
Slope Error: [0.03858451844123591, 0, 0.024222280092687187, 0.02517287962493816]
intercepts:  [-0.07892252494876262, 0, -0.02764245276596381, -0.037455932568468686]
Int Error:   [0.008053870224116006, 0, 0.005123462841861304, 0.00525387739084014]
StDev:       [0.58803594, 0.5359437, 0.6111154, 0.61036915]
[0.19513792 0.26310958 0.36632184 0.3667682  0.45232529 0.34605166
 0.26318794 0.3343919  0.50755575 0.29381132 0.29770209 0.24396629
 0.2616325  0.23244044 0.23823582 0.25943912 0.33102081 0.10957809
 0.21315697 0.22662198 0.21364974 0.25255495 0.19043481 0.26725226
 0.24161895 0.26622107 0.32350106 0.15872348 0.32649389 0.22370781
 0.24313672 0.20230964 0.16266183 0.315759   0.20484202 0.2723046
 0.28277975 0.26925705 0.31352968 0.21628203 0.34805396 0.24590484
 0.27403187 0.30701572 0.20900542 0.2652492  0.28480067 0.29324844
 0.44334589 0.21538708 0.26443872 0.31183128 0.3333426  0.26162567
 0.22030936 0.33971087 0.2809879  0.31200307 0.32792329 0.2453515
 0.2226849  0.29708464 0.29803149 0.34126936 0.47297271 0.30303576
 0.3342162  0.35738215 0.38012624 0.2885044  0.26259981 0.42863971
 0.2795398  0.31842616 0.22669447 0.26402971 0.33114823 0.36281612
 0.23959526 0.35365946 0.25184104 0.26688917 0.24307315 0.29337293
 0.27560434 0.22596504 0.2599197  0.25208078 0.30012655 0.28774481
 0.33060499 0.32954061 0.26568867 0.41573117 0.31097376 0.39424985
 0.43996229 0.23331843 0.30491065 0.21805899 0.26154845 0.27154355
 0.48087214 0.42701706 0.70768204 0.27227647 0.31746881 0.35996046
 0.19922176 0.20398253 0.20907261 0.21775547 0.31758353 0.32313095
 0.32052213 0.25254055 0.22029885 0.33792746 0.25298855 0.27165655
 0.29051945 0.34355353 0.38892709 0.1998757  0.23514779 0.25177198
 0.32432918 0.28348354 0.16342555 0.19693934 0.19055082 0.19060061
 0.24066901 0.1653123  0.1943768  0.29619093 0.31674921 0.30050656
 0.21447724 0.22301117 0.17742937 0.28712709 0.38080676 0.14533539
 0.14599224 0.21179325 0.16864341 0.10868324 0.13955449 0.21098137
 0.21432104 0.2418929  0.18737073 0.24178209 0.29137371 0.2183031
 0.28902863 0.20572923 0.26357318 0.37168321 0.31641886 0.32470857
 0.19927036 0.27596979 0.27148546 0.25469063 0.27097949 0.08326031
 0.07796282 0.09407382 0.09602116 0.13443988 0.08623884 0.10756021
 0.07090023 0.13564183 0.11154758 0.09087462 0.10026455 0.16355302
 0.23697027 0.1087138  0.09054998 0.09231729 0.0433146  0.10885793
 0.09423574 0.07204848 0.01778779 0.08908046 0.0933423  0.07548292
 0.02093103 0.10103008 0.09382072 0.09975182 0.39906362 0.08113005
 0.02639355 0.14690038 0.13450009 0.04208669 0.095001   0.11737756
 0.08482244 0.03802429 0.15502286 0.09719276 0.07335854 0.02693375
 0.17500684 0.1006632  0.11424568 0.15424327 0.23394992 0.12524779
 0.07712437 0.02750527 0.11841218 0.10258706 0.10769513 0.07278958
 0.09312935 0.09165336 0.09606074 0.0229188  0.09687978 0.10178386
 0.10612465 0.08177433 0.03066081 0.09329556 0.12649049 0.11316535
 0.08228974 0.02273521 0.14278768 0.09421776 0.16481512 0.08064139
 0.03878902 0.09337104 0.11277751 0.09044634 0.1005401  0.12508724
 0.11704974 0.10073614 0.09554392 0.02779113 0.09688854 0.14998988
 0.09375751 0.07336551 0.15946819 0.13156865 0.20624816 0.12414385
 0.12609516 0.0887432  0.13170369 0.14814802 0.11479498 0.08764895
 0.21417701 0.20360058 0.15511313 0.1052602  0.15813716 0.0835089
 0.17167191 0.15061926 0.0932316  0.08670202 0.27296043 0.09652873
 0.15429663 0.08884123 0.04503886 0.19183461 0.11915061 0.11932333
 0.09422717 0.12243983 0.15984606 0.2634114  0.17159723 0.16008993
 0.19316253 0.29169799 0.30881651 0.2467148  0.23739701 0.12228501
 0.20093826 0.23778538 0.30018232 0.36657591 0.25019002 0.14726899
 0.18739532 0.38903733 0.20351947 0.20299831 0.25922563 0.25441248
 0.14309735 0.23400033 0.27779715 0.3642541  0.44482309 0.37416341
 0.27364139 0.20704561 0.22003162 0.20699763 0.25826441 0.43207074
 0.3377515  0.29368311 0.20861856 0.23816506 0.31506464 0.30868644
 0.29211928 0.26160201 0.24518299 0.28225142 0.36431026 0.2091229
 0.25619282 0.38171938 0.34461893 0.21092205 0.21529709 0.2822698
 0.26882965 0.22009243 0.27052966 0.37503685 0.40323563 0.27634325
 0.30169365 0.26644917 0.38334839 0.35472829 0.20952414 0.32977634
 0.36438408 0.22092822 0.2457156  0.40537923 0.29199357 0.26142236
 0.19825334 0.32023502 0.38401648 0.43212889 0.31149548 0.2063684
 0.25313992 0.28719491 0.23836945 0.2111038  0.19992219 0.2926942
 0.20586765 0.25013701 0.17100652 0.2340932  0.39668031 0.39092618
 0.39072676 0.17227014 0.24246055 0.35831117 0.29137134 0.36595461
 0.1681036  0.22283865 0.19061305 0.16802963 0.11271108]
ROW: 17999 Tau: 3.516080842919656 V: -0.630860002998741
383
