1302 1305 normal
Running object 1302
0.0
{'r': 61, 'i': 79, 'z': 150}
{'g': 0.0, 'r': 0.54349726, 'i': 0.9570166, 'z': 1.3367919}
Variable??
0
Non-Variable source in g
Variable??
1.1608766436621272
Non-Variable source in r
Variable??
1.44695722359342
Non-Variable source in i
Variable??
1.7460482056552193
Non-Variable source in z
Slope:       [1, 1, 1, 1]
Slope Error: [0.0, 0, 0.08715140909471435, 0.08652043991904565]
intercepts:  [0, 0, -0.013468132493678064, 0.00568331195501004]
Int Error:   [0.0, 0, 0.009232724847636445, 0.008821440554381194]
StDev:       [0.0, 0.052770294, 0.06544219, 0.12046964]
emcee: Exception while calling your likelihood function:
  params: [-0.93575524  1.96998269]
  args: (array([56266.2578125 , 56266.26171875, 56266.26171875, 56268.1171875 ,
       56271.2890625 , 56271.29296875, 56271.296875  , 56277.20703125,
       56277.20703125, 56277.2109375 , 56285.22265625, 56285.2265625 ,
       56285.2265625 , 56285.23046875, 56290.20703125, 56290.2109375 ,
       56290.21484375, 56290.21484375, 56299.0859375 , 56299.08984375,
       56299.09375   , 56309.1875    , 56309.1875    , 56309.19140625,
       56309.1953125 , 56322.125     , 56326.1171875 , 56326.1171875 ,
       56326.12109375, 56326.125     , 56331.0703125 , 56331.0703125 ,
       56331.07421875, 56331.078125  , 56534.21875   , 56534.22265625,
       56534.2265625 , 56534.2265625 , 56538.3671875 , 56538.37109375,
       56538.37109375, 56538.375     , 56543.3125    , 56543.3125    ,
       56543.31640625, 56543.3203125 , 56547.26953125, 56547.2734375 ,
       56547.2734375 , 56547.27734375, 56551.25390625, 56551.25390625,
       56552.27734375, 56552.27734375, 56552.28125   , 56559.1953125 ,
       56559.19921875, 56559.19921875, 56563.203125  , 56563.203125  ,
       56563.20703125, 56563.2109375 , 56567.22265625, 56567.22265625,
       56567.2265625 , 56567.23046875, 56575.1953125 , 56575.19921875,
       56579.18359375, 56579.18359375, 56579.1875    , 56579.19140625,
       56594.13671875, 56594.13671875, 56594.140625  , 56602.12109375,
       56602.12109375, 56602.125     , 56602.12890625, 56614.07421875,
       56614.078125  , 56614.08203125, 56614.08203125, 56615.1015625 ,
       56615.10546875, 56625.18359375, 56625.1875    , 56625.19140625,
       56625.19140625, 56628.078125  , 56628.08203125, 56628.08203125,
       56628.0859375 , 56635.12890625, 56635.1328125 , 56635.1328125 ,
       56635.13671875, 56645.08203125, 56645.0859375 , 56645.0859375 ,
       56649.171875  , 56649.171875  , 56649.17578125, 56653.09375   ,
       56653.09375   , 56660.08984375, 56660.09375   , 56660.09375   ,
       56660.09765625, 56667.12109375, 56667.125     , 56667.125     ,
       56682.08203125, 56682.0859375 , 56682.08984375, 56682.08984375,
       56686.12109375, 56686.125     , 56686.12890625, 56686.12890625,
       56693.03515625, 56693.0390625 , 56693.04296875, 56693.04296875,
       56887.390625  , 56887.39453125, 56887.3984375 , 56887.3984375 ,
       56891.39453125, 56891.39453125, 56891.3984375 , 56891.40234375,
       56904.296875  , 56904.30078125, 56904.30078125, 56904.3046875 ,
       56912.34765625, 56912.34765625, 56912.3515625 , 56912.3515625 ,
       56920.30859375, 56920.30859375, 56920.3125    , 56920.31640625,
       56927.23828125, 56927.23828125, 56927.2421875 , 56927.24609375,
       56943.23046875, 56943.234375  , 56943.23828125, 56943.23828125,
       56949.32421875, 56949.328125  , 56949.33203125, 56949.33203125,
       56956.33984375, 56956.34375   , 56956.34375   , 56956.34765625,
       56960.2734375 , 56960.27734375, 56960.27734375, 56960.28125   ,
       56973.31640625, 56973.3203125 , 56973.3203125 , 56973.32421875,
       56980.3203125 , 56980.3203125 , 56980.32421875, 56980.328125  ,
       56988.03125   , 56988.03515625, 56988.03515625, 56988.0390625 ,
       56992.140625  , 56992.14453125, 56992.14453125, 57008.11328125,
       57008.1171875 , 57008.1171875 , 57008.12109375, 57012.0859375 ,
       57012.0859375 , 57012.08984375, 57012.08984375, 57018.07421875,
       57018.078125  , 57018.08203125, 57019.07421875, 57019.07421875,
       57019.078125  , 57019.078125  , 57026.171875  , 57026.171875  ,
       57026.17578125, 57033.1640625 , 57033.1640625 , 57033.16796875,
       57033.171875  , 57040.17578125, 57040.1796875 , 57040.18359375,
       57040.18359375, 57047.08984375, 57047.08984375, 57047.09375   ,
       57047.09765625, 57054.0390625 , 57054.0390625 , 57054.04296875,
       57061.1484375 , 57061.1484375 , 57061.15234375, 57066.03515625,
       57066.03515625, 57255.4140625 , 57255.4140625 , 57265.3671875 ,
       57265.37109375, 57265.37109375, 57276.34375   , 57276.3515625 ,
       57278.234375  , 57278.23828125, 57278.2421875 , 57278.2421875 ,
       57304.1796875 , 57304.18359375, 57304.18359375, 57311.359375  ,
       57311.359375  , 57311.36328125, 57311.36328125, 57315.234375  ,
       57315.234375  , 57315.23828125, 57325.125     , 57325.12890625,
       57325.12890625, 57329.21484375, 57329.21484375, 57329.21875   ,
       57332.078125  , 57332.078125  , 57332.08203125, 57332.0859375 ,
       57339.296875  , 57339.30078125, 57339.30078125, 57339.3046875 ,
       57345.3125    , 57345.31640625, 57345.3203125 , 57355.23828125,
       57355.2421875 , 57355.24609375, 57355.24609375, 57365.18359375,
       57365.1875    , 57365.19140625, 57365.19140625, 57372.2421875 ,
       57375.046875  , 57375.05078125, 57375.05078125, 57375.0546875 ,
       57385.15234375, 57385.15234375, 57385.15625   , 57385.15625   ,
       57389.15234375, 57389.15234375, 57389.15625   , 57389.16015625,
       57394.16015625, 57394.16015625, 57394.1640625 , 57394.16796875,
       57401.13671875, 57401.140625  , 57401.14453125, 57401.14453125,
       57408.06640625, 57408.0703125 , 57408.0703125 , 57408.07421875,
       57425.1484375 , 57425.15234375]), array([ 0.1287034 , -0.0284742 ,  0.10097799, -0.01094811, -0.02799787,
       -0.2133373 , -0.16000659, -0.02243594,  0.01588803,  0.0181924 ,
        0.26217359, -0.09873098, -0.0580496 ,  0.00582124, -0.04736043,
       -0.0729685 , -0.14789931,  0.06548635, -0.07360218,  0.0540595 ,
        0.06119478, -0.01760933,  0.00645433,  0.20012455, -0.14242748,
        0.01474282,  0.00168705,  0.07165995,  0.16677116,  0.03678962,
       -0.01845256,  0.14611119, -0.11895146, -0.03965246, -0.06823061,
       -0.04055354, -0.01360461,  0.04974747, -0.09402502, -0.02270338,
        0.0480949 ,  0.11701267,  0.0132915 ,  0.13283283, -0.12035874,
       -0.011466  , -0.02303021, -0.0271829 ,  0.00170667, -0.08218292,
       -0.07470028, -0.06916389,  0.04058744,  0.06474131, -0.12848202,
        0.0640673 , -0.08908306,  0.06249799, -0.00729012,  0.01097232,
        0.04843151,  0.15003451, -0.09890451, -0.02760038, -0.05611107,
       -0.08497652, -0.04588747,  0.04969397, -0.12763262, -0.04746937,
       -0.06280282, -0.12225828, -0.06639728,  0.07944827,  0.16531984,
       -0.08389882, -0.05667142, -0.05705598,  0.02277772,  0.26755556,
       -0.09066249, -0.09526561,  0.0322332 ,  0.18885222,  0.00697829,
       -0.16792051,  0.02766482,  0.03616941,  0.11362123, -0.14689702,
        0.05625885,  0.17052511,  0.11392487,  0.01655482,  0.05225401,
        0.10297731,  0.08913511, -0.06012153, -0.07350871, -0.00844633,
       -0.11389975,  0.06703602,  0.0495849 ,  0.0201111 ,  0.06509103,
       -0.14051436, -0.0696416 , -0.05860853, -0.01921786,  0.03429894,
        0.04408723,  0.04936438,  0.0399579 ,  0.06340998, -0.08033609,
        0.0014181 , -0.04130474,  0.05837892, -0.13161048,  0.04371403,
        0.02903293,  0.05589874,  0.01077102,  0.11114839,  0.09533621,
        0.01533621,  0.01179663,  0.0773856 ,  0.06384234,  0.09373615,
        0.06612217, -0.0379806 , -0.06128825, -0.01810807,  0.06156059,
        0.06569137, -0.10853236,  0.02203453,  0.01716866,  0.08508029,
       -0.00424193, -0.01610496, -0.07060979, -0.08801758,  0.02022495,
        0.175736  ,  0.16198555, -0.0651476 ,  0.02247627, -0.04134707,
        0.02778324,  0.05930371, -0.03124308, -0.13817204, -0.12686312,
       -0.08630158,  0.04180155, -0.14026801, -0.04910615,  0.00642041,
        0.03579982, -0.04973991,  0.1459919 , -0.2436555 ,  0.15453067,
       -0.01118453,  0.16063481,  0.14858121, -0.10901503,  0.07865318,
        0.14253814,  0.06857085,  0.02218763, -0.00639939,  0.03353829,
        0.11668147,  0.06512223, -0.13753496, -0.00140315, -0.01102598,
       -0.10827116, -0.01336508,  0.06361741, -0.08030217,  0.03670775,
       -0.11098442,  0.04857205, -0.10691752, -0.05913939, -0.20079545,
        0.02732501,  0.07896762, -0.00028667,  0.05053079, -0.22506952,
        0.01410733, -0.16815726, -0.06960037,  0.04036001, -0.12047547,
       -0.02246742, -0.03356795, -0.04776683, -0.1207603 ,  0.00969449,
       -0.05917933,  0.03668813, -0.07933955,  0.04696992, -0.01470967,
        0.16524497, -0.00714989, -0.00936173, -0.01873114,  0.02578901,
       -0.02775234,  0.03411614,  0.05919401,  0.1664169 ,  0.037921  ,
       -0.03017148,  0.05477903,  0.08631545,  0.05473881,  0.08174695,
        0.02339061, -0.09189824,  0.10495728, -0.02484775, -0.04058648,
        0.08412102, -0.02241387,  0.11409373, -0.08536978, -0.03026333,
        0.12849239,  0.12211004,  0.15414987, -0.03040779, -0.18759113,
       -0.0700898 ,  0.00369619,  0.08813033, -0.00692232, -0.09543944,
       -0.02335615, -0.02706077,  0.11398444,  0.05923591, -0.0553142 ,
        0.07986543,  0.03347523, -0.09014927,  0.12534542, -0.00850688,
        0.11185353, -0.02296462, -0.09577649, -0.02234204, -0.05718434,
       -0.05335381, -0.03794367, -0.02261634,  0.0061349 ,  0.10331889,
        0.01346813,  0.04791322,  0.0496138 ,  0.00301676,  0.0196126 ,
       -0.06961458, -0.00496723,  0.        ,  0.05636124,  0.02670742,
       -0.07858209, -0.00625593,  0.05853907,  0.09476994,  0.12688985,
        0.02536155, -0.08623513, -0.09861076, -0.02567952,  0.26451796,
        0.07544094,  0.06335336, -0.01495597, -0.00442228, -0.07101037]), array([0.01008923, 0.01701563, 0.02045878, 0.00627595, 0.00791945,
       0.01413673, 0.01841834, 0.00535365, 0.00411136, 0.00395974,
       0.02755763, 0.01241522, 0.00894757, 0.01337931, 0.02887017,
       0.00550693, 0.00526948, 0.00523164, 0.00520619, 0.00373108,
       0.00611651, 0.00669469, 0.01877704, 0.00942888, 0.01257868,
       0.00766437, 0.00431437, 0.00804901, 0.00784748, 0.00847791,
       0.00732741, 0.00797865, 0.00915221, 0.00937897, 0.01402745,
       0.00634624, 0.00893742, 0.01133183, 0.00775616, 0.00736052,
       0.00507642, 0.00831805, 0.00437448, 0.00956454, 0.00641476,
       0.00629492, 0.00642345, 0.00310187, 0.00510322, 0.00576617,
       0.01559675, 0.01516519, 0.01040356, 0.00867902, 0.01280629,
       0.00817762, 0.00670918, 0.00839492, 0.00733092, 0.0041649 ,
       0.00716841, 0.0098129 , 0.00509155, 0.0028382 , 0.00359617,
       0.00409098, 0.00448229, 0.00346524, 0.01721577, 0.0062095 ,
       0.00930735, 0.01057378, 0.01488671, 0.00974619, 0.01569877,
       0.00236172, 0.00354584, 0.00380693, 0.00419239, 0.04616032,
       0.00887413, 0.00759694, 0.00781997, 0.00991418, 0.01057718,
       0.00467678, 0.00287718, 0.00401746, 0.00367214, 0.00597006,
       0.00417367, 0.00831994, 0.00879497, 0.00997142, 0.00513373,
       0.00777148, 0.00664776, 0.00667317, 0.00525266, 0.0055528 ,
       0.00922597, 0.0075292 , 0.00980079, 0.00883781, 0.01421536,
       0.00399952, 0.00272649, 0.0042512 , 0.0043199 , 0.00641134,
       0.0089984 , 0.01216295, 0.00550842, 0.00396882, 0.00539896,
       0.00669909, 0.00845684, 0.0050997 , 0.00821452, 0.00737862,
       0.00988044, 0.00478265, 0.00896595, 0.00668625, 0.00851781,
       0.0032345 , 0.00675094, 0.00514202, 0.00611888, 0.00841003,
       0.01052865, 0.01243249, 0.00892658, 0.00771657, 0.00504483,
       0.00808396, 0.00640498, 0.02158377, 0.00741396, 0.00713477,
       0.0021921 , 0.00530027, 0.0028203 , 0.0028364 , 0.00432267,
       0.00691949, 0.0064425 , 0.00589068, 0.01254861, 0.00314513,
       0.00280688, 0.00290138, 0.00591136, 0.00236917, 0.00365924,
       0.00323713, 0.01772784, 0.00793083, 0.00920916, 0.00897958,
       0.01260034, 0.00938001, 0.01703138, 0.01200036, 0.01427107,
       0.00513764, 0.0073959 , 0.00725904, 0.00558555, 0.00340286,
       0.00472076, 0.00488599, 0.00847985, 0.00911541, 0.00520893,
       0.00981869, 0.00498436, 0.00571254, 0.00538896, 0.00491265,
       0.00347253, 0.00484911, 0.00407574, 0.00532612, 0.00287317,
       0.0044751 , 0.00412936, 0.01134907, 0.0166157 , 0.01192597,
       0.00528159, 0.01525469, 0.00807904, 0.00752091, 0.01111979,
       0.01325418, 0.01074527, 0.01115602, 0.00661595, 0.01183512,
       0.0110176 , 0.00456205, 0.00355316, 0.00569902, 0.00485539,
       0.00399129, 0.00688967, 0.00618971, 0.00648509, 0.00629997,
       0.00703021, 0.0070773 , 0.01684566, 0.01613422, 0.01510739,
       0.0113777 , 0.0176127 , 0.00914172, 0.0206355 , 0.00973618,
       0.00656959, 0.00735842, 0.00764515, 0.01063183, 0.00970095,
       0.00400241, 0.00602578, 0.00636155, 0.01128324, 0.01539699,
       0.01193268, 0.00647126, 0.00347001, 0.00602133, 0.00793229,
       0.00669538, 0.01164185, 0.01311802, 0.01034014, 0.00979173,
       0.01076348, 0.0065815 , 0.01016228, 0.01126884, 0.00632642,
       0.01142135, 0.01107354, 0.01011324, 0.00864203, 0.01218204,
       0.00710408, 0.01496223, 0.01465795, 0.00800603, 0.01344878,
       0.02520374, 0.00709113, 0.00775747, 0.0078189 , 0.00310382,
       0.00168621, 0.00242553, 0.0027374 , 0.00927874, 0.02338632,
       0.00733423, 0.00907563, 0.01048971, 0.00336587, 0.01036014,
       0.00533604, 0.00459314, 0.00932965, 0.00673031, 0.01191974,
       0.01388547, 0.00942417, 0.01098661, 0.01749223, 0.01687673,
       0.00320106, 0.00238986, 0.00464825, 0.00423633, 0.03387821,
       0.009182  , 0.0092403 , 0.00838112, 0.01606017, 0.01183053]))
  kwargs: {}
  exception:
