17999 18000 normal
Running object 17999
[0.07459545 0.09234579 0.10030639 0.03425792 0.04174685 0.0928278
 0.04036601 0.04191617 0.05595272 0.03731399 0.03876229 0.03848888
 0.15081567 0.10166416 0.04216798 0.03460601 0.03273329 0.07364437
 0.04938819 0.03073203 0.12710918 0.16416447 0.03462589 0.03987495
 0.05148932 0.09304092 0.08077135 0.05561156 0.03148304 0.07128302
 0.03499444 0.04172183 0.0529577  0.05063216 0.03810907 0.04303117
 0.08573591 0.03330246 0.03665334 0.06810839 0.06064024 0.04824565
 0.07569314 0.0311845  0.09029219 0.0325008  0.03193433 0.07061961
 0.15273535 0.06168832 0.03179878 0.03814369 0.10229757 0.12620169
 0.03997061 0.04047594 0.04039236 0.03211417 0.04162787 0.03941934
 0.09469005 0.05633676 0.0787745  0.06361119 0.04540585 0.04477068
 0.0263447  0.10970434 0.05935067]
[0.07459545 0.09234579 0.10030639 0.03425792 0.04174685 0.0928278
 0.04036601 0.04191617 0.05595272 0.03731399 0.03876229 0.03848888
 0.15081567 0.10166416 0.04216798 0.03460601 0.03273329 0.07364437
 0.04938819 0.03073203 0.12710918 0.16416447 0.03462589 0.03987495
 0.05148932 0.09304092 0.08077135 0.05561156 0.03148304 0.07128302
 0.03499444 0.04172183 0.0529577  0.05063216 0.03810907 0.04303117
 0.08573591 0.03330246 0.03665334 0.06810839 0.06064024 0.04824565
 0.07569314 0.0311845  0.09029219 0.0325008  0.03193433 0.07061961
 0.15273535 0.06168832 0.03179878 0.03814369 0.10229757 0.12620169
 0.03997061 0.04047594 0.04039236 0.03211417 0.04162787 0.03941934
 0.09469005 0.05633676 0.0787745  0.06361119 0.04540585 0.04477068
 0.0263447  0.10970434 0.05935067]
[0.0783596  0.05198635 0.08759614 0.07821897 0.04473551 0.07514652
 0.05213045 0.0506148  0.06650498 0.05048338 0.0546256  0.04689351
 0.08824688 0.04907563 0.04318038 0.0404872  0.0674895  0.06713177
 0.10415915 0.09867305 0.12463742 0.0445738  0.05418247 0.08599188
 0.06961369 0.08826998 0.06733274 0.04319709 0.05146087 0.05419578
 0.0491456  0.05025964 0.05243269 0.07214171 0.04054897 0.04557945
 0.05759676 0.04104429 0.07013863 0.06076085 0.06260925 0.04885984
 0.07175612 0.04040604 0.04154634 0.06481648 0.11719351 0.05489625
 0.03930633 0.04407521 0.08818796 0.10581879 0.07470687 0.12073728
 0.05178548 0.05760122 0.04281195 0.10204301 0.05346797 0.05586717
 0.05009458 0.06511922 0.08017442 0.03094894 0.09242251 0.07861774
 0.05289929 0.05199816 0.05578682 0.09153393 0.06792252]
[0.0783596  0.05198635 0.08759614 0.07821897 0.04473551 0.07514652
 0.05213045 0.0506148  0.06650498 0.05048338 0.0546256  0.04689351
 0.08824688 0.04907563 0.04318038 0.0404872  0.0674895  0.06713177
 0.10415915 0.09867305 0.12463742 0.0445738  0.05418247 0.08599188
 0.06961369 0.08826998 0.06733274 0.04319709 0.05146087 0.05419578
 0.0491456  0.05025964 0.05243269 0.07214171 0.04054897 0.04557945
 0.05759676 0.04104429 0.07013863 0.06076085 0.06260925 0.04885984
 0.07175612 0.04040604 0.04154634 0.06481648 0.11719351 0.05489625
 0.03930633 0.04407521 0.08818796 0.10581879 0.07470687 0.12073728
 0.05178548 0.05760122 0.04281195 0.10204301 0.05346797 0.05586717
 0.05009458 0.06511922 0.08017442 0.03094894 0.09242251 0.07861774
 0.05289929 0.05199816 0.05578682 0.09153393 0.06792252]
[0.09242281 0.07621503 0.0619246  0.08955783 0.07121552 0.06022818
 0.07912458 0.06402528 0.08165498 0.07753562 0.06793331 0.06399744
 0.05485524 0.08685946 0.08551507 0.05372618 0.05013229 0.06982122
 0.09216283 0.04973057 0.11595161 0.08843832 0.09083659 0.05191609
 0.06116099 0.0689582  0.0759665  0.08276533 0.14797458 0.05231411
 0.07422752 0.06101113 0.06754879 0.06583574 0.05424127 0.07167115
 0.0679157  0.0709542  0.06222665 0.43630227 0.04796451 0.08281279
 0.09037795 0.16400705 0.06616808 0.05641244 0.0664268  0.06621933
 0.05517103 0.05204155 0.09940173 0.06867085 0.10227272 0.0751949
 0.05586198 0.05783729 0.07620042 0.12052101 0.09807851 0.08731414
 0.08857956 0.05865664 0.45965204 0.0997095  0.05414009 0.07576641
 0.08797855 0.0753486  0.07297128 0.07865761 0.08474796 0.07678843
 0.0437998  0.08937617 0.07749366 0.0531581  0.07433599 0.08720323
 0.0459185  0.08342862 0.10063653]
[0.09242281 0.07621503 0.0619246  0.08955783 0.07121552 0.06022818
 0.07912458 0.06402528 0.08165498 0.07753562 0.06793331 0.06399744
 0.05485524 0.08685946 0.08551507 0.05372618 0.05013229 0.06982122
 0.09216283 0.04973057 0.11595161 0.08843832 0.09083659 0.05191609
 0.06116099 0.0689582  0.0759665  0.08276533 0.14797458 0.05231411
 0.07422752 0.06101113 0.06754879 0.06583574 0.05424127 0.07167115
 0.0679157  0.0709542  0.06222665 0.43630227 0.04796451 0.08281279
 0.09037795 0.16400705 0.06616808 0.05641244 0.0664268  0.06621933
 0.05517103 0.05204155 0.09940173 0.06867085 0.10227272 0.0751949
 0.05586198 0.05783729 0.07620042 0.12052101 0.09807851 0.08731414
 0.08857956 0.05865664 0.45965204 0.0997095  0.05414009 0.07576641
 0.08797855 0.0753486  0.07297128 0.07865761 0.08474796 0.07678843
 0.0437998  0.08937617 0.07749366 0.0531581  0.07433599 0.08720323
 0.0459185  0.08342862 0.10063653]
[0.18048535 0.16731061 0.15669931 0.17743538 0.09684041 0.08589511
 0.14950076 0.15474255 0.10084783 0.10070734 0.13705344 0.10530846
 0.13012806 0.14581276 0.11632085 0.11747482 0.12276797 0.12714785
 0.12686609 0.1417436  0.12712345 0.11288915 0.12098709 0.1062234
 0.10885497 0.0953773  0.10166347 0.1625042  0.13412082 0.151025
 0.11345658 0.11794979 0.11197223 0.12954843 0.08704365 0.08102586
 0.07861333 0.12657933 0.13545254 0.16830766 0.16992044 0.08400307
 0.08833233 0.20071876 0.2307304  0.11232219 0.1132669  0.14045861
 0.12289795 0.08587424 0.11798567 0.12144048 0.11639984 0.10927556
 0.10038733 0.09737191 0.12590712 0.13251851 0.15943286 0.12491532
 0.08886116 0.08688284 0.12460542 0.14168769 0.11020459 0.09989644
 0.12258943 0.11388305 0.11829452 0.11238922 0.09427618 0.10753624
 0.1358676  0.14520441 0.11570087 0.1181395  0.11239824 0.10693824
 0.07000779 0.06921793 0.10338435 0.10064494 0.06912832 0.07017846
 0.07773575 0.12650892 0.17094263 0.14368483 0.21176216 0.21216261
 0.10613307 0.10686791 0.0927751  0.0963724  0.11706028 0.12681216
 0.09935422 0.09820975 0.09282157 0.08419499 0.08964645 0.0852913
 0.1680654  0.14323452 0.11915616 0.1181779  0.1333326  0.12876232
 0.13556498 0.13357395 0.09148074 0.09913725 0.10147786 0.10216291
 0.10356332 0.10811289 0.16143014 0.15226014 0.17311716 0.19309148
 0.21328706 0.110807   0.10336851 0.13487358 0.10319136 0.09785113
 0.15958089 0.23100252 0.16283067 0.2257216  0.11768754 0.1020146
 0.14232202 0.14796723 0.18222713 0.12744044 0.12363836 0.13983713
 0.15533277 0.14090024 0.13103087 0.14430188 0.15351906 0.15677056
 0.11611458 0.11482459 0.0683036  0.06813025 0.12164243 0.13103612
 0.0863535  0.09312324 0.14121664 0.15365541 0.17116132 0.16512902
 0.08851516 0.08515755 0.12091774 0.11441025 0.2063618  0.20060521]
[0.18048535 0.16731061 0.15669931 0.17743538 0.09684041 0.08589511
 0.14950076 0.15474255 0.10084783 0.10070734 0.13705344 0.10530846
 0.13012806 0.14581276 0.11632085 0.11747482 0.12276797 0.12714785
 0.12686609 0.1417436  0.12712345 0.11288915 0.12098709 0.1062234
 0.10885497 0.0953773  0.10166347 0.1625042  0.13412082 0.151025
 0.11345658 0.11794979 0.11197223 0.12954843 0.08704365 0.08102586
 0.07861333 0.12657933 0.13545254 0.16830766 0.16992044 0.08400307
 0.08833233 0.20071876 0.2307304  0.11232219 0.1132669  0.14045861
 0.12289795 0.08587424 0.11798567 0.12144048 0.11639984 0.10927556
 0.10038733 0.09737191 0.12590712 0.13251851 0.15943286 0.12491532
 0.08886116 0.08688284 0.12460542 0.14168769 0.11020459 0.09989644
 0.12258943 0.11388305 0.11829452 0.11238922 0.09427618 0.10753624
 0.1358676  0.14520441 0.11570087 0.1181395  0.11239824 0.10693824
 0.07000779 0.06921793 0.10338435 0.10064494 0.06912832 0.07017846
 0.07773575 0.12650892 0.17094263 0.14368483 0.21176216 0.21216261
 0.10613307 0.10686791 0.0927751  0.0963724  0.11706028 0.12681216
 0.09935422 0.09820975 0.09282157 0.08419499 0.08964645 0.0852913
 0.1680654  0.14323452 0.11915616 0.1181779  0.1333326  0.12876232
 0.13556498 0.13357395 0.09148074 0.09913725 0.10147786 0.10216291
 0.10356332 0.10811289 0.16143014 0.15226014 0.17311716 0.19309148
 0.21328706 0.110807   0.10336851 0.13487358 0.10319136 0.09785113
 0.15958089 0.23100252 0.16283067 0.2257216  0.11768754 0.1020146
 0.14232202 0.14796723 0.18222713 0.12744044 0.12363836 0.13983713
 0.15533277 0.14090024 0.13103087 0.14430188 0.15351906 0.15677056
 0.11611458 0.11482459 0.0683036  0.06813025 0.12164243 0.13103612
 0.0863535  0.09312324 0.14121664 0.15365541 0.17116132 0.16512902
 0.08851516 0.08515755 0.12091774 0.11441025 0.2063618  0.20060521]
0.0
Counts: {'g': 69, 'r': 71, 'i': 81, 'z': 162}
Mu: {'g': 2.2057827, 'r': 2.568015, 'i': 3.5001686, 'z': 3.3355742}
Variable??
0.04594543717736585
118.0367491045832
Variable Source!
Variable??
0.05618977698957241
75.40743997050004
Variable Source!
Variable??
0.06957683712244034
64.37002516394975
Variable Source!
Variable??
0.11350008668181594
23.940319670720637
Variable Source!
Variable:    4/4
Var Bands:   griz
Slope:       [1.2850511156826694, 1, 0.8317924476815184, 0.8597424982702457]
Slope Error: [0.03858451844123591, 0, 0.024222280092687187, 0.02517287962493816]
intercepts:  [-0.07892252494876262, 0, -0.02764245276596381, -0.037455932568468686]
Int Error:   [0.008053870224116006, 0, 0.005123462841861304, 0.00525387739084014]
StDev:       [0.58803594, 0.5359437, 0.6111154, 0.61036915]
[0.19513792 0.26310958 0.36632184 0.3667682  0.45232529 0.34605166
 0.26318794 0.3343919  0.50755575 0.29381132 0.29770209 0.24396629
 0.2616325  0.23244044 0.23823582 0.25943912 0.33102081 0.10957809
 0.21315697 0.22662198 0.21364974 0.25255495 0.19043481 0.26725226
 0.24161895 0.26622107 0.32350106 0.15872348 0.32649389 0.22370781
 0.24313672 0.20230964 0.16266183 0.315759   0.20484202 0.2723046
 0.28277975 0.26925705 0.31352968 0.21628203 0.34805396 0.24590484
 0.27403187 0.30701572 0.20900542 0.2652492  0.28480067 0.29324844
 0.44334589 0.21538708 0.26443872 0.31183128 0.3333426  0.26162567
 0.22030936 0.33971087 0.2809879  0.31200307 0.32792329 0.2453515
 0.2226849  0.29708464 0.29803149 0.34126936 0.47297271 0.30303576
 0.3342162  0.35738215 0.38012624 0.2885044  0.26259981 0.42863971
 0.2795398  0.31842616 0.22669447 0.26402971 0.33114823 0.36281612
 0.23959526 0.35365946 0.25184104 0.26688917 0.24307315 0.29337293
 0.27560434 0.22596504 0.2599197  0.25208078 0.30012655 0.28774481
 0.33060499 0.32954061 0.26568867 0.41573117 0.31097376 0.39424985
 0.43996229 0.23331843 0.30491065 0.21805899 0.26154845 0.27154355
 0.48087214 0.42701706 0.70768204 0.27227647 0.31746881 0.35996046
 0.19922176 0.20398253 0.20907261 0.21775547 0.31758353 0.32313095
 0.32052213 0.25254055 0.22029885 0.33792746 0.25298855 0.27165655
 0.29051945 0.34355353 0.38892709 0.1998757  0.23514779 0.25177198
 0.32432918 0.28348354 0.16342555 0.19693934 0.19055082 0.19060061
 0.24066901 0.1653123  0.1943768  0.29619093 0.31674921 0.30050656
 0.21447724 0.22301117 0.17742937 0.28712709 0.38080676 0.14533539
 0.14599224 0.21179325 0.16864341 0.10868324 0.13955449 0.21098137
 0.21432104 0.2418929  0.18737073 0.24178209 0.29137371 0.2183031
 0.28902863 0.20572923 0.26357318 0.37168321 0.31641886 0.32470857
 0.19927036 0.27596979 0.27148546 0.25469063 0.27097949 0.08326031
 0.07796282 0.09407382 0.09602116 0.13443988 0.08623884 0.10756021
 0.07090023 0.13564183 0.11154758 0.09087462 0.10026455 0.16355302
 0.23697027 0.1087138  0.09054998 0.09231729 0.0433146  0.10885793
 0.09423574 0.07204848 0.01778779 0.08908046 0.0933423  0.07548292
 0.02093103 0.10103008 0.09382072 0.09975182 0.39906362 0.08113005
 0.02639355 0.14690038 0.13450009 0.04208669 0.095001   0.11737756
 0.08482244 0.03802429 0.15502286 0.09719276 0.07335854 0.02693375
 0.17500684 0.1006632  0.11424568 0.15424327 0.23394992 0.12524779
 0.07712437 0.02750527 0.11841218 0.10258706 0.10769513 0.07278958
 0.09312935 0.09165336 0.09606074 0.0229188  0.09687978 0.10178386
 0.10612465 0.08177433 0.03066081 0.09329556 0.12649049 0.11316535
 0.08228974 0.02273521 0.14278768 0.09421776 0.16481512 0.08064139
 0.03878902 0.09337104 0.11277751 0.09044634 0.1005401  0.12508724
 0.11704974 0.10073614 0.09554392 0.02779113 0.09688854 0.14998988
 0.09375751 0.07336551 0.15946819 0.13156865 0.20624816 0.12414385
 0.12609516 0.0887432  0.13170369 0.14814802 0.11479498 0.08764895
 0.21417701 0.20360058 0.15511313 0.1052602  0.15813716 0.0835089
 0.17167191 0.15061926 0.0932316  0.08670202 0.27296043 0.09652873
 0.15429663 0.08884123 0.04503886 0.19183461 0.11915061 0.11932333
 0.09422717 0.12243983 0.15984606 0.2634114  0.17159723 0.16008993
 0.19316253 0.29169799 0.30881651 0.2467148  0.23739701 0.12228501
 0.20093826 0.23778538 0.30018232 0.36657591 0.25019002 0.14726899
 0.18739532 0.38903733 0.20351947 0.20299831 0.25922563 0.25441248
 0.14309735 0.23400033 0.27779715 0.3642541  0.44482309 0.37416341
 0.27364139 0.20704561 0.22003162 0.20699763 0.25826441 0.43207074
 0.3377515  0.29368311 0.20861856 0.23816506 0.31506464 0.30868644
 0.29211928 0.26160201 0.24518299 0.28225142 0.36431026 0.2091229
 0.25619282 0.38171938 0.34461893 0.21092205 0.21529709 0.2822698
 0.26882965 0.22009243 0.27052966 0.37503685 0.40323563 0.27634325
 0.30169365 0.26644917 0.38334839 0.35472829 0.20952414 0.32977634
 0.36438408 0.22092822 0.2457156  0.40537923 0.29199357 0.26142236
 0.19825334 0.32023502 0.38401648 0.43212889 0.31149548 0.2063684
 0.25313992 0.28719491 0.23836945 0.2111038  0.19992219 0.2926942
 0.20586765 0.25013701 0.17100652 0.2340932  0.39668031 0.39092618
 0.39072676 0.17227014 0.24246055 0.35831117 0.29137134 0.36595461
 0.1681036  0.22283865 0.19061305 0.16802963 0.11271108]
ROW: 17999 Tau: 3.3457636948267493 V: -0.6224295856697879
383
