WARNING:root:Too few points to create valid contours
299 301 normal
Running object 299
0.0
{'g': 31, 'r': 63, 'i': 82, 'z': 165}
{'g': 0.3452016, 'r': 0.9973949, 'i': 1.845991, 'z': 2.4907732}
Variable??
3.4142833814150824
Non-Variable source in g
Variable??
5.852790196662218
Non-Variable source in r
Variable??
8.764825323740345
Variable Source!
Variable??
9.08485513751925
Variable Source!
Slope:       [0.703648484538179, 1, 0.5962458118962313, 0.6026559971417014]
Slope Error: [0.2746663758412774, 0, 0.0664400544454857, 0.0621008127750497]
intercepts:  [0.06421524511437793, 0, 0.01666842838299809, -0.009425625522242909]
Int Error:   [0.03713184347289088, 0, 0.010084441828894192, 0.009365343696171955]
StDev:       [0.06622484, 0.1479168, 0.24304667, 0.3678464]
ROW: 299 Tau: 3.019047167328705e-05 V: -0.24129098420659947
341
[-1.62387556 -0.62387556  0.37612444]
[-304.9802233776387, -39.29263858481886, 23.37044612712579]
[-1.74101199 -0.74101199  0.25898801]
[-56.02299469455916, 9.898500821310936, 25.475869506336878]
[-2.03276934 -1.03276934 -0.03276934]
[18.70637668380784, 23.364567596168495, 24.984654402601215]
[-2.03276643 -1.03276643 -0.03276643]
[18.709654519720722, 23.366146687298027, 24.984679428291393]
[-2.03276351 -1.03276351 -0.03276351]
[18.709694297031017, 23.36616689262829, 24.984680068192652]
[-2.0327606 -1.0327606 -0.0327606]
[18.709960056841318, 23.366302197434713, 24.98468444157291]
[-2.03275769 -1.03275769 -0.03275769]
[18.7269163615253, 23.38117422338095, 24.98694924941393]
[-2.18394504 -1.18394504 -0.18394504]
[17.732128064901445, 22.877924640900854, 24.946914600420268]
[-2.1839287 -1.1839287 -0.1839287]
[17.741979518139615, 22.857454048297903, 24.934967415840916]
[-2.18391237 -1.18391237 -0.18391237]
[17.741591067940373, 22.857242307568804, 24.934934125999366]
[-2.18389604 -1.18389604 -0.18389604]
[17.743130694438065, 22.858093178051256, 24.935071858863573]
[-2.18387972 -1.18387972 -0.18387972]
[16.552599764753907, 22.642099622400828, 25.04179528662286]
[-1.77557818 -0.77557818  0.22442182]
[5.559769558336399, 21.451424680834805, 25.522564510812437]
[-1.47752242 -0.47752242  0.52247758]
[13.216576560669733, 23.843118821887945, 24.776565199684466]
[-1.47756879 -0.47756879  0.52243121]
[21.6663769744273, 24.638716176037427, 24.57300119283735]
[-1.47761515 -0.47761515  0.52238485]
[21.669827275324003, 24.639798830410115, 24.571810961180095]
[-1.47766151 -0.47766151  0.52233849]
[21.66964325218984, 24.639739344224278, 24.571876016247565]
[-1.47770785 -0.47770785  0.52229215]
[21.669435357463474, 24.639672139001302, 24.57194950052817]
[-1.47775419 -0.47775419  0.52224581]
[21.66922733204704, 24.63960488711763, 24.57202302217727]
[-1.47780052 -0.47780052  0.52219948]
[21.669019335932774, 24.63953764029378, 24.572096524643833]
[-1.47784684 -0.47784684  0.52215316]
[21.668811370192802, 24.63947039887869, 24.572170007553616]
[-1.47789316 -0.47789316  0.52210684]
[21.66860343482804, 24.639403162875, 24.572243470910998]
[-1.47793946 -0.47793946  0.52206054]
[21.66839552983219, 24.63933593228302, 24.572316914722894]
[-1.47798576 -0.47798576  0.52201424]
[21.668187655198903, 24.63926870710305, 24.572390338996236]
[-1.47803205 -0.47803205  0.52196795]
[21.66797981092184, 24.639201487335374, 24.572463743737952]
[-1.47807833 -0.47807833  0.52192167]
[21.667771996994652, 24.63913427298029, 24.57253712895497]
[-1.4781246 -0.4781246  0.5218754]
[21.667564213411, 24.639067064038088, 24.572610494654217]
[-1.47817087 -0.47817087  0.52182913]
[21.667356460164548, 24.638999860509056, 24.572683840842608]
[-1.47821712 -0.47821712  0.52178288]
[21.667148737248947, 24.638932662393486, 24.572757167527065]
[-1.47826337 -0.47826337  0.52173663]
[21.66694104465787, 24.638865469691666, 24.572830474714504]
[-1.47830961 -0.47830961  0.52169039]
[21.66673338238498, 24.638798282403886, 24.572903762411833]
[-1.47835584 -0.47835584  0.52164416]
[21.66652575042394, 24.63873110053043, 24.572977030625964]
[-1.47840207 -0.47840207  0.52159793]
[21.66631814876842, 24.638663924071587, 24.573050279363798]
[-1.47844828 -0.47844828  0.52155172]
[21.66611057741209, 24.638596753027645, 24.573123508632236]
[-1.47849449 -0.47849449  0.52150551]
[21.665903036348627, 24.638529587398885, 24.573196718438183]
[-1.47854069 -0.47854069  0.52145931]
[21.665695525571696, 24.638462427185594, 24.573269908788536]
[-1.47858688 -0.47858688  0.52141312]
[21.665488045074973, 24.638395272388056, 24.573343079690183]
[-1.47863306 -0.47863306  0.52136694]
[21.66528059485214, 24.638328123006556, 24.573416231150013]
[-1.47867924 -0.47867924  0.52132076]
[21.665073174896865, 24.638260979041373, 24.57348936317492]
[-1.4787254 -0.4787254  0.5212746]
[21.66486578520284, 24.63819384049279, 24.573562475771784]
[-1.47877156 -0.47877156  0.52122844]
[21.664658425763736, 24.63812670736109, 24.573635568947484]
[-1.47881771 -0.47881771  0.52118229]
[21.664451096573238, 24.63805957964655, 24.573708642708905]
[-1.47886385 -0.47886385  0.52113615]
[21.664243797625037, 24.637992457349455, 24.573781697062913]
[-1.47890999 -0.47890999  0.52109001]
[21.664036528912813, 24.637925340470076, 24.573854732016386]
[-1.47895611 -0.47895611  0.52104389]
[21.663829290430257, 24.6378582290087, 24.57392774757619]
[-1.47900223 -0.47900223  0.52099777]
[21.663622082171052, 24.637791122965602, 24.57400074374919]
[-1.47904834 -0.47904834  0.52095166]
[21.6634149041289, 24.637724022341054, 24.574073720542252]
[-1.47909444 -0.47909444  0.52090556]
[21.663207756297474, 24.637656927135335, 24.57414667796224]
[-1.47914053 -0.47914053  0.52085947]
[21.663000638669303, 24.637589837348337, 24.574219616016414]
[-1.47918662 -0.47918662  0.52081338]
[21.662793551063963, 24.637522752923932, 24.574292534772944]
[-1.47923269 -0.47923269  0.52076731]
[21.662586467641994, 24.637455665493114, 24.574365443333278]
[-1.47927876 -0.47927876  0.52072124]
[21.66237555561338, 24.63738733325718, 24.57443969087354]
[-1.47932482 -0.47932482  0.52067518]
[21.661591799173355, 24.637133495985704, 24.57471540992117]
[-1.47937087 -0.47937087  0.52062913]
[21.567634691565004, 24.60911917093884, 24.604636077141045]
[-1.32141963 -0.32141963  0.67858037]
[21.910805569129778, 24.745736087263573, 24.445881066473643]
[-1.56463927 -0.56463927  0.43536073]
[21.043284172262865, 24.44312398294477, 24.745117003198587]
[-1.11175294 -0.11175294  0.88824706]
[23.06423587592731, 24.9643828276984, 23.818105019923827]
[-0.9634696  0.0365304  1.0365304]
[-122.47237991257238, 1.4603644136074543, 22.09268709615585]
[-0.96356124  0.03643876  1.03643876]
[23.56062094687735, 24.984853552613952, 23.37098999929195]
[-0.96365286  0.03634714  1.03634714]
[23.435947296236776, 24.99644156036304, 23.45668607612761]
[-1.80967731 -0.80967731  0.19032269]
[19.38772224802287, 23.964361794612635, 24.98426960926509]
[-2.32639077 -1.32639077 -0.32639077]
[16.80338882173417, 22.337074395098536, 24.830733345394272]
[-1.97910884 -0.97910884  0.02089116]
[18.83554849707787, 23.657958150658377, 25.031891389784086]
[-1.97911069 -0.97911069  0.02088931]
[19.039886968152206, 23.531739179016096, 24.985615539557564]
[-1.97911253 -0.97911253  0.02088747]
[19.036082763647023, 23.529848212943136, 24.985653805861173]
[-1.97911438 -0.97911438  0.02088562]
[18.933024999509968, 23.484213846367354, 24.987824398988664]
[-2.08622589 -1.08622589 -0.08622589]
[18.098132019124225, 23.076297953016518, 24.97289506005545]
[-2.08621827 -1.08621827 -0.08621827]
[18.10571073585829, 23.442155948267033, 25.078715312844057]
[-2.12780271 -1.12780271 -0.12780271]
[15.817044105741319, 22.301238458755645, 25.007095776058446]
[-2.11079832 -1.11079832 -0.11079832]
[18.298214274524362, 23.161043346675953, 24.974509485008397]
[-2.33185575 -1.33185575 -0.33185575]
[16.146214407416203, 22.20191920176222, 24.888828027194414]
[-2.33182645 -1.33182645 -0.33182645]
[16.756532080165666, 22.309741968460816, 24.823798722700605]
[-2.20668799 -1.20668799 -0.20668799]
[17.03693855634757, 22.792437125549206, 25.027858906010323]
[-1.90201197 -0.90201197  0.09798803]
[19.466862280966957, 23.74239617957175, 24.973457343884167]
[-1.66245152 -0.66245152  0.33754848]
[20.213753857624788, 24.237991202122505, 24.87627065285639]
[-1.66248132 -0.66248132  0.33751868]
[20.786713786621263, 24.31911732982632, 24.813546861740996]
[-1.66251111 -0.66251111  0.33748889]
[20.706971686259802, 24.291015383381588, 24.828136014445494]
[-1.34920961 -0.34920961  0.65079039]
[21.72360699793566, 24.69938136781093, 24.51172113020615]
[-1.72902497 -0.72902497  0.27097503]
[20.365254243557473, 24.148167396605867, 24.88645980297421]
[-2.16268962 -1.16268962 -0.16268962]
[17.45671463067824, 22.91322385530629, 25.010581693136402]
[-2.16267527 -1.16267527 -0.16267527]
[16.590778389843315, 22.660412769557404, 25.043529866456307]
[-2.26249375 -1.26249375 -0.26249375]
[17.213204397144953, 22.56708321163377, 24.88223534453087]
[-2.26247059 -1.26247059 -0.26247059]
[17.215484869162022, 22.56783418641892, 24.882197589344656]
[-2.26244744 -1.26244744 -0.26244744]
[16.285741858462877, 22.542952505548584, 25.041674555974367]
[-2.30894408 -1.30894408 -0.30894408]
[-5.874369325338819, 15.703095770494839, 25.18807402508447]
[-2.30891684 -1.30891684 -0.30891684]
[16.889385872521554, 22.384485538479865, 24.841522435973665]
[-2.30888959 -1.30888959 -0.30888959]
[16.888681396679623, 22.38401119050851, 24.841381559631323]
[-2.30886235 -1.30886235 -0.30886235]
[16.888864687093548, 22.384115092368248, 24.841406077631778]
[-2.30883512 -1.30883512 -0.30883512]
[16.889055655797534, 22.384223349415308, 24.841431623022125]
[-2.30880789 -1.30880789 -0.30880789]
[16.889246640640053, 22.384331614635713, 24.841457168620416]
[-2.30878067 -1.30878067 -0.30878067]
[16.889437589908006, 22.384439858714373, 24.841482707509783]
[-2.30875345 -1.30875345 -0.30875345]
[16.889628503262866, 22.384548081459904, 24.841508239645982]
[-2.30872623 -1.30872623 -0.30872623]
[16.889819380712368, 22.3846562828772, 24.84153376503107]
[-2.30869902 -1.30869902 -0.30869902]
[16.890010222266593, 22.38476446297249, 24.84155928366743]
[-2.30867182 -1.30867182 -0.30867182]
[16.890201027935625, 22.38487262175201, 24.84158479555744]
[-2.30864462 -1.30864462 -0.30864462]
[16.89039179772954, 22.38498075922199, 24.84161030070348]
[-2.30861743 -1.30861743 -0.30861743]
[16.890582531658414, 22.385088875388647, 24.84163579910792]
[-2.30859023 -1.30859023 -0.30859023]
[16.89077322973233, 22.385196970258214, 24.841661290773146]
[-2.30856305 -1.30856305 -0.30856305]
[16.890963891961345, 22.385305043836915, 24.841686775701522]
[-2.30853587 -1.30853587 -0.30853587]
[16.89115451835553, 22.38541309613096, 24.84171225389543]
[-2.30850869 -1.30850869 -0.30850869]
[16.891345108924956, 22.385521127146575, 24.841737725357238]
[-2.30848152 -1.30848152 -0.30848152]
[16.89153566367967, 22.385629136889975, 24.841763190089317]
[-2.30845435 -1.30845435 -0.30845435]
[16.89172618262973, 22.385737125367363, 24.841788648094045]
[-2.30842719 -1.30842719 -0.30842719]
[16.89191666578519, 22.385845092584965, 24.84181409937378]
[-2.30840004 -1.30840004 -0.30840004]
[16.892107113156086, 22.385953038548973, 24.8418395439309]
[-2.30837288 -1.30837288 -0.30837288]
[16.89229752475248, 22.3860609632656, 24.841864981767767]
[-2.30834574 -1.30834574 -0.30834574]
[16.892487900584396, 22.386168866741052, 24.841890412886748]
[-2.30831859 -1.30831859 -0.30831859]
[16.892678240661876, 22.386276748981523, 24.84191583729021]
[-2.30829146 -1.30829146 -0.30829146]
[16.89286854499495, 22.386384609993215, 24.84194125498052]
[-2.30826432 -1.30826432 -0.30826432]
[16.89305881359365, 22.38649244978232, 24.84196666596003]
[-2.3082372 -1.3082372 -0.3082372]
[16.893249046467997, 22.386600268355036, 24.841992070231115]
[-2.30821007 -1.30821007 -0.30821007]
[16.893439243628016, 22.386708065717553, 24.842017467796133]
[-2.30818295 -1.30818295 -0.30818295]
[16.893629405083715, 22.386815841876057, 24.842042858657436]
[-2.30815584 -1.30815584 -0.30815584]
[16.893819530845118, 22.386923596836738, 24.842068242817394]
[-2.30812873 -1.30812873 -0.30812873]
[16.894009620922233, 22.387031330605776, 24.84209362027836]
[-2.30810163 -1.30810163 -0.30810163]
[16.894199675325062, 22.387139043189354, 24.84211899104269]
[-2.30807453 -1.30807453 -0.30807453]
[16.894389694063605, 22.387246734593653, 24.84214435511274]
[-2.30804743 -1.30804743 -0.30804743]
[16.894579677147874, 22.387354404824848, 24.84216971249087]
[-2.30802034 -1.30802034 -0.30802034]
[16.894769624587905, 22.387462053889145, 24.84219506317943]
[-2.30799326 -1.30799326 -0.30799326]
[16.894959536402254, 22.387569681797572, 24.84222040718193]
[-2.30796618 -1.30796618 -0.30796618]
[16.895149413870424, 22.387677289275747, 24.842245744670112]
[-2.3079391 -1.3079391 -0.3079391]
[16.895339445347787, 22.387784983067625, 24.842271100776472]
[-2.30791203 -1.30791203 -0.30791203]
[16.895557572100756, 22.38790859816754, 24.842300203574432]
[-2.30788496 -1.30788496 -0.30788496]
[16.899913180980224, 22.390387053864288, 24.84288722277744]
[-2.3078579 -1.3078579 -0.3078579]
[16.703107279099044, 22.52596537336143, 24.960164322851657]
[-2.1618637 -1.1618637 -0.1618637]
[-5.804876375982175, 15.886449841138308, 25.264610396154765]
[-1.67140495 -0.67140495  0.32859505]
[20.737778928222433, 24.299599181706288, 24.82328006373667]
[-1.67143382 -0.67143382  0.32856618]
[20.68291540794771, 24.280418833354087, 24.832986928003628]
[-1.93147144 -0.93147144  0.06852856]
[19.04236647153497, 23.56721142557946, 24.99372203662978]
[-1.93147747 -0.93147747  0.06852253]
[18.971173698427755, 23.707440131258515, 25.022856091082094]
[-2.44243986 -1.44243986 -0.44243986]
[15.942139074300666, 21.837034150777598, 24.692780256418057]
[-2.442401 -1.442401 -0.442401]
[15.925245758475114, 21.826124210542208, 24.689043188576413]
[-2.44236214 -1.44236214 -0.44236214]
[15.925395800162978, 21.82621277686033, 24.689070333544276]
[-2.44232329 -1.44232329 -0.44232329]
[15.925683158996936, 21.82638247864123, 24.689122378274558]
[-2.44228445 -1.44228445 -0.44228445]
[15.925975952316751, 21.82655538788953, 24.689175403437886]
[-2.44224561 -1.44224561 -0.44224561]
[15.926944813121562, 21.827127768919276, 24.689351008396923]
[-2.44220678 -1.44220678 -0.44220678]
[16.009864231396385, 21.881130183748674, 24.70790057739336]
[-2.42977635 -1.42977635 -0.42977635]
[16.163532650103196, 22.014733546657176, 24.764702099347076]
[-2.42973862 -1.42973862 -0.42973862]
[-25.744276902412366, 9.28751055176151, 24.976067965265838]
[-1.84398917 -0.84398917  0.15601083]
[18.7678609825879, 23.64766200533566, 25.037593576117132]
[-1.84400286 -0.84400286  0.15599714]
[19.819172256287217, 23.903337056365345, 24.949522325652843]
[-1.84401655 -0.84401655  0.15598345]
[19.7441917677008, 23.894575464797857, 24.956919654627193]
[-2.33457299 -1.33457299 -0.33457299]
[16.68621002362329, 22.27483533185315, 24.81717938798208]
[-2.33454363 -1.33454363 -0.33454363]
[16.707727460953766, 22.2809972629671, 24.816307267928934]
[-2.33451428 -1.33451428 -0.33451428]
[16.70793660459661, 22.281116541370995, 24.81633705811729]
[-2.33448493 -1.33448493 -0.33448493]
[16.708144855032668, 22.281235586194956, 24.81636689734628]
[-2.33445559 -1.33445559 -0.33445559]
[16.708369572155636, 22.281364042946514, 24.816399093573743]
[-2.33442625 -1.33442625 -0.33442625]
[16.711034327709193, 22.28288969513655, 24.81678228162656]
[-2.33439692 -1.33439692 -0.33439692]
[16.887750462632162, 22.437974138431695, 24.874414181761296]
[-2.10257866 -1.10257866 -0.10257866]
[18.350299310936315, 23.184620316274895, 24.97535387935511]
[-2.10256966 -1.10256966 -0.10256966]
[18.160551397359523, 23.088475917109772, 24.967492843152208]
[-1.97916463 -0.97916463  0.02083537]
[18.817966512011687, 23.443634194048915, 24.99262428383946]
[-2.55512913 -1.55512913 -0.55512913]
[-23.282507370611604, 9.494391711768106, 24.694539939053897]
[-2.55508046 -1.55508046 -0.55508046]
[15.079351495240033, 21.318939301745036, 24.520453520060038]
[-2.5550318 -1.5550318 -0.5550318]
[15.070245476260949, 21.313302027387046, 24.51839915214441]
[-2.55498315 -1.55498315 -0.55498315]
[15.078159362895214, 21.318139589439006, 24.52013461783918]
[-2.55493451 -1.55493451 -0.55493451]
[14.267539708936333, 21.391698371227953, 24.780183244959414]
[-1.98948788 -0.98948788  0.01051212]
[19.00479130919846, 23.514765794600933, 24.98605069103896]
[-1.9894888 -0.9894888  0.0105112]
[18.97418536291669, 23.499143543691197, 24.98614226158763]
[-1.98948972 -0.98948972  0.01051028]
[18.955913168365903, 23.49017242143868, 24.98625867810505]ClusterEmcee2_linear_mu_2step.py:321: RuntimeWarning: invalid value encountered in log10
  err_b = 22.5-2.5*np.log10((mu_r * (f_0 - nsig*np.sqrt(sig_sq)))+mu_r)
WARNING:matplotlib.legend:No handles with labels found to put in legend.
WARNING:matplotlib.legend:No handles with labels found to put in legend.
WARNING:matplotlib.legend:No handles with labels found to put in legend.

[-1.61022618 -0.61022618  0.38977382]
[11.037678359811537, 22.284671032621205, 25.425720508827997]
[-1.61026033 -0.61026033  0.38973967]
[21.038444140239072, 24.417143588969648, 24.757797323204578]
[-1.61029447 -0.61029447  0.38970553]
[21.047461227002746, 24.420529049558887, 24.755637448183695]
[-1.61032861 -0.61032861  0.38967139]
[21.047355445138614, 24.420488956149068, 24.75566304714839]
[-1.61036274 -0.61036274  0.38963726]
[21.047188887884964, 24.42042582839626, 24.7557033488966]
[-1.61039686 -0.61039686  0.38960314]
[21.047021946545172, 24.420362552874796, 24.755743739193463]
[-1.61043098 -0.61043098  0.38956902]
[21.04685502814563, 24.42029928385221, 24.755784119547837]
[-1.61046509 -0.61046509  0.38953491]
[21.046688135424073, 24.420236022367323, 24.755824489299613]
[-1.6104992 -0.6104992  0.3895008]
[21.046521268393185, 24.420172768426088, 24.755864848448034]
[-1.6105333 -0.6105333  0.3894667]
[21.046354427047262, 24.420109522027502, 24.755905196996782]
[-1.61056739 -0.61056739  0.38943261]
[21.046187611380496, 24.420046283170514, 24.755945534949568]
[-1.61060148 -0.61060148  0.38939852]
[21.046020821387067, 24.419983051854064, 24.7559858623101]
[-1.61063556 -0.61063556  0.38936444]
[21.04585405706116, 24.419919828077106, 24.75602617908209]
[-1.61066964 -0.61066964  0.38933036]
[21.04568731839696, 24.419856611838583, 24.756066485269244]
[-1.61070371 -0.61070371  0.38929629]
[21.045520605388663, 24.41979340313744, 24.756106780875264]
[-1.61073777 -0.61073777  0.38926223]
[21.045353918030454, 24.419730201972634, 24.756147065903853]
[-1.61077183 -0.61077183  0.38922817]
[21.045187256316527, 24.4196670083431, 24.756187340358718]
[-1.61080588 -0.61080588  0.38919412]
[21.045020620241075, 24.419603822247794, 24.756227604243552]
[-1.61083993 -0.61083993  0.38916007]
[21.0448540097983, 24.419540643685657, 24.756267857562058]
[-1.61087397 -0.61087397  0.38912603]
[21.044687424982392, 24.419477472655643, 24.756308100317934]
[-1.61090801 -0.61090801  0.38909199]
[21.044520865787554, 24.419414309156693, 24.756348332514875]
[-1.61094204 -0.61094204  0.38905796]
[21.044354332207988, 24.41935115318776, 24.75638855415657]
[-1.61097606 -0.61097606  0.38902394]
[21.044187824237895, 24.419288004747784, 24.756428765246714]
[-1.61101007 -0.61101007  0.38898993]
[21.044021341871485, 24.41922486383572, 24.756468965788997]
[-1.61104409 -0.61104409  0.38895591]
[21.043854885102952, 24.41916173045051, 24.75650915578711]
[-1.61107809 -0.61107809  0.38892191]
[21.043688453926514, 24.419098604591106, 24.756549335244735]
[-1.61111209 -0.61111209  0.38888791]
[21.043522048336378, 24.41903548625645, 24.756589504165564]
[-1.61114608 -0.61114608  0.38885392]
[21.043355668326754, 24.418972375445495, 24.756629662553276]
[-1.61118007 -0.61118007  0.38881993]
[21.043189313891858, 24.418909272157187, 24.75666981041156]
[-1.61121405 -0.61121405  0.38878595]
[21.043022985025903, 24.418846176390474, 24.756709947744085]
[-1.61124803 -0.61124803  0.38875197]
[21.042856681723105, 24.418783088144302, 24.75675007455454]
[-1.61128199 -0.61128199  0.38871801]
[21.042690403977684, 24.41872000741762, 24.7567901908466]
[-1.61131596 -0.61131596  0.38868404]
[21.042524151783855, 24.418656934209377, 24.75683029662394]
[-1.61134992 -0.61134992  0.38865008]
[21.042357925135846, 24.418593868518517, 24.756870391890235]
[-1.61138387 -0.61138387  0.38861613]
[21.042191724027838, 24.41853081034398, 24.756910476649164]
[-1.61141781 -0.61141781  0.38858219]
[21.04202554844862, 24.41846775968265, 24.756950550905714]
[-1.61145175 -0.61145175  0.38854825]
[21.04185939758593, 24.41840471622745, 24.75699061485801]
[-1.61148569 -0.61148569  0.38851431]
[21.04169315177698, 24.418341634573558, 24.75703069735756]
[-1.61151961 -0.61151961  0.38848039]
[21.041509017986968, 24.418271777356246, 24.75707508107888]
[-1.61155353 -0.61155353  0.38844647]
[21.03778239385953, 24.417177322831378, 24.75782824659671]
[-1.89573178 -0.89573178  0.10426822]
[18.49010388442904, 23.57964730111248, 25.057909731488834]
[-1.89574088 -0.89574088  0.10425912]
[19.526426261009767, 23.767130982840428, 24.969851820228243]
[-1.89574999 -0.89574999  0.10425001]
[19.379864181345365, 23.728359723374126, 24.981652058358588]
[-1.98005835 -0.98005835  0.01994165]
[18.999421582625065, 23.51561003687639, 24.987006714297102]
[-1.98006009 -0.98006009  0.01993991]
[19.030811114471796, 23.52723941999559, 24.985707995800706]
[-1.98006183 -0.98006183  0.01993817]
[19.030929751521693, 23.52729796401301, 24.9857067564793]
[-1.98006357 -0.98006357  0.01993643]
[19.030920232298932, 23.527293252318188, 24.985706852326253]
[-1.98006531 -0.98006531  0.01993469]
[19.03092171149505, 23.527293987385345, 24.98570683817705]
[-1.98006705 -0.98006705  0.01993295]
[19.032482549070608, 23.528130666108687, 24.985707374299782]
[-1.98006879 -0.98006879  0.01993121]
[-4.363953298932373, 18.76446209595437, 25.7873722752219]
[-1.72300783 -0.72300783  0.27699217]
[20.373201683906508, 24.152790699947992, 24.88509278833793]
[-1.32167136 -0.32167136  0.67832864]
[22.139755886063448, 24.793119280235523, 24.363622042079943]
[-1.32173052 -0.32173052  0.67826948]
[22.253151536785296, 24.811634408472983, 24.324097897350327]
[-1.4901758 -0.4901758  0.5098242]
[20.247882260806172, 24.42592018919747, 24.786645856537923]
[-2.06293445 -1.06293445 -0.06293445]
[18.556140502805874, 23.292229139769574, 24.982903894790766]
[-1.98010142 -0.98010142  0.01989858]
[19.079711988760593, 23.58489214132519, 24.992782998791252]
[-1.81710186 -0.81710186  0.18289814]
[18.551888908737823, 23.58918426184769, 25.05289751591992]
[-1.81711781 -0.81711781  0.18288219]
[19.97159257818502, 23.973019444132923, 24.935421507700365]
[-2.46905152 -1.46905152 -0.46905152]
[14.587136060322038, 21.392464414262157, 24.704972077387396]
[-2.46901063 -1.46901063 -0.46901063]
[15.7844856720967, 21.743722602223507, 24.663810816862977]
[-2.53819986 -1.53819986 -0.53819986]
[15.156750261698935, 21.687632529180547, 24.776748064964977]
[-2.53815295 -1.53815295 -0.53815295]
[14.194518016551399, 21.159473789892303, 24.630682784120133]
[-2.59413742 -1.59413742 -0.59413742]
[14.777795137443672, 21.135250624630782, 24.453851596430766]
[-2.59408565 -1.59408565 -0.59408565]
[14.764780689320855, 21.12648538114978, 24.450230612314197]
[-2.59403389 -1.59403389 -0.59403389]
[14.765080197623554, 21.12666939486381, 24.450299172090897]
[-2.59398213 -1.59398213 -0.59398213]
[14.765672302602171, 21.127033246883848, 24.45043476322093]
[-2.59393039 -1.59393039 -0.59393039]
[14.792955328644979, 21.143941298864284, 24.45679321069099]
[-2.64008594 -1.64008594 -0.64008594]
[-6.905072755084287, 15.75673636008467, 25.355508946617647]
[-2.64003019 -1.64003019 -0.64003019]
[14.374070022150224, 20.957872793949974, 24.420399342526853]
[-1.68584175 -0.68584175  0.31415825]
[20.698875327240863, 24.286061293901447, 24.830180887299033]
[-1.6858691 -0.6858691  0.3141309]
[20.66906377947017, 24.271728581864206, 24.83643367935061]
[-1.68589646 -0.68589646  0.31410354]
[20.620776530622326, 24.25252522941101, 24.845141532307256]
Running object 300
0.0
{'i': 55, 'z': 155}
{'g': 0.0, 'r': 0.0, 'i': 0.6274861, 'z': 1.6223955}
Variable??
0
Non-Variable source in g
Variable??
0
Non-Variable source in r
Variable??
0.9040292083405426
Non-Variable source in i
Variable??
1.0484563273324397
Non-Variable source in z
Slope:       [1, 1, 1, 1]
Slope Error: [0.0, 0, 0.0, 0.0]
intercepts:  [0, 0, 0, 0]
Int Error:   [0.0, 0, 0.0, 0.0]
StDev:       [0.0, 0.0, 0.06274773, 0.123578146]
ROW: 300 Tau: 2.549194173878823 V: -1.7522156179104285
210
[-2.257526 -1.257526 -0.257526]
[-9891.907263262345, -3019.240936640675, -50.63332843827409]
[-1.79456957 -0.79456957  0.20543043]
[-6258.422323762387, -1166.3409145724959, 1.2772769871090475]
[-1.79458782 -0.79458782  0.20541218]
[-6293.707569342382, -1173.4741121115508, 0.9284093925208481]
[-1.59425202 -0.59425202  0.40574798]
[-4980.188342428581, -626.2046398474505, -239.86902372085046]
[-2.16141916 -1.16141916 -0.16141916]
[-9254.107908368587, -2620.5634389166134, 27.780767491536324]
[-2.16140482 -1.16140482 -0.16140482]
[-9269.371036751829, -2624.8326427136763, 27.735271344555343]
[-2.16139049 -1.16139049 -0.16139049]
[-9286.77629754299, -2629.722580395049, 27.677277166222908]
[-2.16137616 -1.16137616 -0.16137616]
[-9306.362078725668, -2635.244244024252, 27.606598304028978]
[-2.25141497 -1.25141497 -0.25141497]
[-10123.564495015016, -3077.796324491042, -48.18297783604609]
[-2.25139265 -1.25139265 -0.25139265]
[-10140.182587007934, -3082.938488419602, -48.39284188430062]
[-2.25137034 -1.25137034 -0.25137034]
[-10159.23902567457, -3088.8368013826494, -48.63416843502637]
[-1.95676376 -0.95676376  0.04323624]
[-7673.529807257306, -1778.3002803752115, 78.46929896429397]
[-1.81440896 -0.81440896  0.18559104]
[-6593.072551795204, -1268.5796815416084, 14.395911835204046]
[-1.81442543 -0.81442543  0.18557457]
[-6584.834160999877, -1266.9302566130016, 14.4858742805026]
[-1.8144419 -0.8144419  0.1855581]
[-6578.197886852923, -1265.6059032846235, 14.560263044924412]
[-1.81445836 -0.81445836  0.18554164]
[-6573.148838525426, -1264.6036167751658, 14.619230655258235]
[-1.81447483 -0.81447483  0.18552517]
[-6569.675693613479, -1263.9211157112125, 14.662894549395475]
[-1.81449129 -0.81449129  0.18550871]
[-6567.7706400466905, -1263.5568304016267, 14.691337671293681]
[-1.81450774 -0.81450774  0.18549226]
[-6567.429336149584, -1263.50989479256, 14.704608887295862]
[-1.8145242 -0.8145242  0.1854758]
[-6568.650888470742, -1263.7801420253547, 14.702723227757957]
[-1.81454065 -0.81454065  0.18545935]
[-6571.437847166351, -1264.3681035544632, 14.685661956254705]
[-1.8145571 -0.8145571  0.1854429]
[-6575.796218893467, -1265.2750118166973, 14.65337246697041]
[-1.81457354 -0.81457354  0.18542646]
[-6581.735497335966, -1266.5028064771516, 14.605768009239384]
[-1.81458999 -0.81458999  0.18541001]
[-6589.268711655952, -1268.0541443115503, 14.542727236527796]
[-1.81460643 -0.81460643  0.18539357]
[-6598.412493337669, -1269.932412820164, 14.464093575451201]
[-1.81462286 -0.81462286  0.18537714]
[-6609.187162072359, -1272.1417477052219, 14.369674408636527]
[-1.8146393 -0.8146393  0.1853607]
[-6621.616831524201, -1274.6870543826665, 14.259240063373483]
[-1.81465573 -0.81465573  0.18534427]
[-6635.729536022416, -1277.5740337406671, 14.132522595987751]
[-1.81467215 -0.81467215  0.18532785]
[-6651.557379446326, -1280.8092124023447, 13.989214359716868]
[-1.81468858 -0.81468858  0.18531142]
[-6669.136707812304, -1284.399977799268, 13.828966341496056]
[-1.814705 -0.814705  0.185295]
[-6688.508307338745, -1288.3546184165755, 13.651386250466942]
[-1.81472142 -0.81472142  0.18527858]
[-6709.717630062341, -1292.6823696308445, 13.45603633812101]
[-1.81473784 -0.81473784  0.18526216]
[-6732.8150494112015, -1297.3934656293463, 13.242430926756384]
[-1.81475425 -0.81475425  0.18524575]
[-6757.856148515417, -1302.49919797542, 13.010033619275333]
[-1.81477066 -0.81477066  0.18522934]
[-6784.902044460015, -1308.0119814708994, 12.758254159219945]
[-1.81478707 -0.81478707  0.18521293]
[-6814.019752168876, -1313.9454280646967, 12.486444905234961]
[-1.81480347 -0.81480347  0.18519653]
[-6845.282592161329, -1320.3144296689775, 12.193896878769166]
[-1.81481987 -0.81481987  0.18518013]
[-6878.77064705844, -1327.1352508733528, 11.87983533764222]
[-1.81483627 -0.81483627  0.18516373]
[-6914.571272448892, -1334.4256326963387, 11.543414820976523]
[-1.81485267 -0.81485267  0.18514733]
[-6952.779668572449, -1342.20490868553, 11.1837136027454]
[-1.81486906 -0.81486906  0.18513094]
[-6993.499520264022, -1350.4941348779757, 10.799727481604037]
[-1.81488545 -0.81488545  0.18511455]
[-7036.843713749753, -1359.316235365423, 10.39036282350547]
[-1.81490184 -0.81490184  0.18509816]
[-7082.935140228885, -1368.6961654816744, 9.954428760539429]
[-1.81491822 -0.81491822  0.18508178]
[-7131.907597750797, -1378.6610949492783, 9.490628434119543]
[-1.81493461 -0.81493461  0.18506539]
[-7183.906804750743, -1389.2406136992568, 8.997549152593606]
[-1.81495098 -0.81495098  0.18504902]
[-7239.091540798466, -1400.4669635224352, 8.473651312060056]
[-1.81496736 -0.81496736  0.18503264]
[-7297.6349327098005, -1412.37529923808, 7.917255903913059]
[-1.81498373 -0.81498373  0.18501627]
[-7359.7259072589495, -1425.0039836925343, 7.326530402612093]
[-1.8150001 -0.8150001  0.1849999]
[-7425.570835414475, -1438.3949216489254, 6.699472791319408]
[-1.81501647 -0.81501647  0.18498353]
[-7495.395397437271, -1452.593938525585, 6.033893440104151]
[-1.81503283 -0.81503283  0.18496717]
[-7569.446703488187, -1467.6512110190297, 5.327394499760487]
[-1.81504919 -0.81504919  0.18495081]
[-7647.995710803784, -1483.6217579491372, 4.577346411924921]
[-1.81506555 -0.81506555  0.18493445]
[-7731.339986270133, -1500.5660012423414, 3.7808610605736135]
[-1.81508191 -0.81508191  0.18491809]
[-7819.8068726868505, -1518.5504088901237, 2.9347609979274836]
[-1.82501829 -0.82501829  0.17498171]
[-7994.795902089503, -1575.7653641940842, 10.543317491968665]
[-1.7949453 -0.7949453  0.2050547]
[-7801.406846749775, -1471.2635086031196, -17.54869751637365]
[-1.79496343 -0.79496343  0.20503657]
[-7865.617152412872, -1483.7768944040079, -18.42170365640716]
[-1.8718362 -0.8718362  0.1281638]
[-8619.325379132228, -1812.5351835773035, 43.01089937764429]
[-1.87184753 -0.87184753  0.12815247]
[-8680.7379007329, -1825.5163884548288, 42.62971834031464]
[-1.87185886 -0.87185886  0.12814114]
[-8747.894869313597, -1839.743338389487, 42.22169546803948]
[-1.81822577 -0.81822577  0.18177423]
[-8303.546509918104, -1621.8004790507127, 0.46746489148175385]
[-1.9325659 -0.9325659  0.0674341]
[-9439.736832145041, -2140.670217688752, 71.01949629539702]
[-1.93257186 -0.93257186  0.06742814]
[-9448.432279939088, -2141.396003663539, 70.82755576108246]
[-1.93257782 -0.93257782  0.06742218]
[-9463.02370428733, -2143.4942670856108, 70.6271380584817]
[-1.93258378 -0.93258378  0.06741622]
[-9483.589827712156, -2146.980669825633, 70.41776542589503]
[-2.09395287 -1.09395287 -0.09395287]
[-11172.127743462916, -2989.9428112157657, 59.17233087522547]
[-2.09394457 -1.09394457 -0.09394457]
[-11195.267163365372, -2994.96892510698, 59.34795350925408]
[-2.05861598 -1.05861598 -0.05861598]
[-10800.06090167757, -2793.2578683650745, 73.30922176031939]
[-2.0586108 -1.0586108 -0.0586108]
[-10779.731992715679, -2786.4331984793944, 73.48237992963084]
[-2.10901268 -1.10901268 -0.10901268]
[-11298.254699399244, -3059.452854137881, 52.51069906137975]
[-2.10900306 -1.10900306 -0.10900306]
[-11264.923520565244, -3048.9637196791896, 52.84416943793241]
[-2.10899343 -1.10899343 -0.10899343]
[-11238.760966480266, -3040.4574502158066, 53.15762597450416]
[-2.10898381 -1.10898381 -0.10898381]
[-11219.661069992435, -3033.9021449814963, 53.4518511801414]
[-2.11903599 -1.11903599 -0.11903599]
[-11312.441259542587, -3085.2727931255636, 48.09252969872166]
[-2.11902549 -1.11902549 -0.11902549]
[-11293.133097782387, -3078.6086850434335, 48.41658288241412]
[-2.35323694 -1.35323694 -0.35323694]
[-13924.80548032463, -4535.924072663089, -226.45666897323034]
[-2.35320576 -1.35320576 -0.35320576]
[-13864.517588333481, -4514.9659672191665, -224.57189852044286]
[-2.32920251 -1.32920251 -0.32920251]
[-13517.516337808534, -4331.400368853498, -182.158129377401]
[-2.44626925 -1.44626925 -0.44626925]
[-14836.373282626282, -5115.97308059962, -404.42961807266784]
[-2.44622987 -1.44622987 -0.44622987]
[-14704.835837741506, -5069.730017381182, -399.8920888624332]
[-2.4461905 -1.4461905 -0.4461905]
[-14583.241602087299, -5026.954683391339, -395.68057832442037]
[-2.44615114 -1.44615114 -0.44615114]
[-14471.067066586058, -4987.463905783317, -391.7775562048725]
[-2.44611178 -1.44611178 -0.44611178]
[-14367.84263755981, -4951.09333797684, -388.1672744621293]
[-1.83732866 -0.83732866  0.16267134]
[-7993.631957419978, -1582.2634667707505, 13.315280573587842]
[-1.83734301 -0.83734301  0.16265699]
[-7912.655035287887, -1565.7613965256191, 14.070488693571832]
[-1.83735735 -0.83735735  0.16264265]
[-7836.739441310437, -1550.296108771004, 14.780557023394294]
[-1.83737169 -0.83737169  0.16262831]
[-7765.5832737207875, -1535.8058204379151, 15.448209334471954]
[-1.83738603 -0.83738603  0.16261397]
[-7698.912581781487, -1522.2344726870042, 16.075918681612094]
[-1.83740037 -0.83740037  0.16259963]
[-7636.478492951836, -1509.531142780749, 16.665933283729885]
[-1.8374147 -0.8374147  0.1625853]
[-7578.054704777868, -1497.6495306374075, 17.220299123602587]
[-1.83742904 -0.83742904  0.16257096]
[-7523.435289926252, -1486.5475095062766, 17.74087973123359]
[-1.83744337 -0.83744337  0.16255663]
[-7472.432771066401, -1476.1867318997863, 18.229373540813853]
[-1.83745769 -0.83745769  0.16254231]
[-7424.876429131779, -1466.532283315818, 18.68732914980768]
[-1.83747202 -0.83747202  0.16252798]
[-7380.610814142936, -1457.552377440795, 19.11615875781162]
[-1.83748634 -0.83748634  0.16251366]
[-7339.49443247195, -1449.2180874859612, 19.517150020557892]
[-1.83750066 -0.83750066  0.16249934]
[-7301.398588349172, -1441.5031091121311, 19.891476519146224]
[-1.83751498 -0.83751498  0.16248502]
[-7266.206360698675, -1434.3835510710069, 20.240207015023557]
[-1.83752929 -0.83752929  0.16247071]
[-7233.811699153704, -1427.8377502573148, 20.564313636367288]
[-1.8375436 -0.8375436  0.1624564]
[-7204.118625439228, -1421.8461083443633, 20.864679120523064]
[-1.83755791 -0.83755791  0.16244209]
[-7177.040528290015, -1416.3909475813566, 21.1421032193378]
[-1.83757222 -0.83757222  0.16242778]
[-7152.499541761152, -1411.4563836766215, 21.397308359070934]
[-1.83758652 -0.83758652  0.16241348]
[-7130.425998232447, -1407.0282139867688, 21.63094463359053]
[-1.83760082 -0.83760082  0.16239918]
[-7110.757948650949, -1403.0938194863595, 21.84359419842602]
[-1.83761512 -0.83761512  0.16238488]
[-7093.440743629677, -1399.642079212666, 22.035775123627005]
[-1.83762942 -0.83762942  0.16237058]
[-7078.426669954705, -1396.6632960714755, 22.207944755021586]
[-1.83764371 -0.83764371  0.16235629]
[-7065.67463787025, -1394.1491330574206, 22.36050262617536]
[-1.837658 -0.837658  0.162342]
[-7055.149915231919, -1392.0925590900251, 22.493792956930733]
[-1.83767229 -0.83767229  0.16232771]
[-7046.823905259331, -1390.4878037980704, 22.60810676871519]
[-1.83768658 -0.83768658  0.16231342]
[-7040.673965194553, -1389.3303207029066, 22.70368364171405]
[-1.83770086 -0.83770086  0.16229914]
[-7036.683263695386, -1388.6167583585373, 22.78071313439814]
[-1.83771515 -0.83771515  0.16228485]
[-7034.840675272792, -1388.344939104932, 22.839335881683937]
[-1.83772942 -0.83772942  0.16227058]
[-7035.140710529746, -1388.5138451830333, 22.879644384093766]
[-1.8377437 -0.8377437  0.1622563]
[-7037.583481383333, -1389.123612047198, 22.901683496604747]
[-1.83775798 -0.83775798  0.16224202]
[-7042.1747008608045, -1390.1755287949097, 22.90545062234993]
[-1.83777225 -0.83777225  0.16222775]
[-7048.925717461768, -1391.67204571625, 22.890895612909674]
[-1.83778652 -0.83778652  0.16221348]
[-7057.853584479613, -1393.6167890482025, 22.857920373516095]
[-1.83780078 -0.83780078  0.16219922]
[-7068.981165083844, -1396.0145831030832, 22.80637816806275]
[-1.83781505 -0.83781505  0.16218495]
[-7082.337274388195, -1398.8714800276944, 22.73607261525649]
[-1.83782931 -0.83782931  0.16217069]
[-7097.956860175944, -1402.1947975419905, 22.646756363546686]
[-1.83784357 -0.83784357  0.16215643]
[-7115.8812244320625, -1405.9931651047966, 22.538129428501435]
[-1.83785782 -0.83785782  0.16214218]
[-7136.158288351566, -1410.2765790615188, 22.409837172033576]
[-1.83787208 -0.83787208  0.16212792]
[-7158.842904065441, -1415.056467447073, 22.261467898187348]
[-1.83788633 -0.83788633  0.16211367]
[-7183.997216962153, -1420.3457652488644, 22.09255003500293]
[-1.83790058 -0.83790058  0.16209942]
[-7211.691083198265, -1426.1590010827272, 21.90254886615547]
[-1.83791482 -0.83791482  0.16208518]
[-7242.002547802827, -1432.512396402525, 21.690862769477405]
[-1.9143523 -0.9143523  0.0856477]
[-7886.41872763097, -1727.5062433865057, 64.19137073531404]
[-1.91435983 -0.91435983  0.08564017]
[-7910.195575975046, -1732.7666007103967, 64.11333499284095]
[-1.91436735 -0.91436735  0.08563265]
[-7936.891380158926, -1738.686944376402, 64.02848758086175]
[-1.91437487 -0.91437487  0.08562513]
[-7966.585848083356, -1745.2851654588235, 63.93661417810655]
[-1.9143824 -0.9143824  0.0856176]
[-7999.3687581160575, -1752.581430301261, 63.83747632738722]
[-2.15351201 -1.15351201 -0.15351201]
[-10189.171008059975, -2854.5105674092083, 32.37185539577982]
[-2.15349853 -1.15349853 -0.15349853]
[-10208.574010687063, -2860.033618404871, 32.28548817624076]
[-2.04551481 -1.04551481 -0.04551481]
[-9194.57369667908, -2331.6851409992146, 78.02108025785907]
[-2.04551081 -1.04551081 -0.04551081]
[-9185.848049618038, -2329.5478946797375, 78.01364318124081]
[-2.04550681 -1.04550681 -0.04550681]
[-9180.593212170284, -2328.3114143381076, 78.0051376806554]
[-2.04550282 -1.04550282 -0.04550282]
[-9178.792311362375, -2327.97148787103, 77.99555661173005]
[-2.04549882 -1.04549882 -0.04549882]
[-9180.439002295565, -2328.5266369320675, 77.98488926850915]
[-2.04549483 -1.04549483 -0.04549483]
[-9185.537420249342, -2329.978105320859, 77.9731213373836]
[-2.04549084 -1.04549084 -0.04549084]
[-9194.102209193701, -2332.329867218335, 77.96023482394334]
[-2.04548684 -1.04548684 -0.04548684]
[-9206.158627088531, -2335.5886553748073, 77.94620795197045]
[-2.09861699 -1.09861699 -0.09861699]
[-9704.086204292482, -2590.8710672653765, 61.78852962766855]
[-2.09860834 -1.09860834 -0.09860834]
[-9715.807775485717, -2594.16928415564, 61.748314178553876]
[-2.20709314 -1.20709314 -0.20709314]
[-10770.38800361031, -3154.9758377134167, -10.590103643498324]
[-2.20707497 -1.20707497 -0.20707497]
[-10772.615229274565, -3155.8621557271263, -10.684048188009427]
[-1.9180931 -0.9180931  0.0819069]
[-8105.492422198986, -1786.378630886806, 65.47387209634947]
[-1.91810029 -0.91810029  0.08189971]
[-8095.803132329926, -1784.5462528057276, 65.5630588914751]
[-1.91810747 -0.91810747  0.08189253]
[-8089.21918831975, -1783.4202238267912, 65.6457000705835]
[-1.91811466 -0.91811466  0.08188534]
[-8085.7177684293765, -1782.9958388643079, 65.72193583523872]
[-1.91812184 -0.91812184  0.08187816]
[-8085.285555372522, -1783.2705551779559, 65.79188618910118]
[-1.84330969 -0.84330969  0.15669031]
[-7446.402885728854, -1488.1715145410424, 25.237940574770334]
[-1.69001886 -0.69001886  0.30998114]
[-6225.70549682848, -964.665351887939, -134.95319417555947]
[-1.75017034 -0.75017034  0.24982966]
[-6655.420180991923, -1150.8248058232118, -58.96066804099654]
[-1.75019224 -0.75019224  0.24980776]
[-6626.587044859618, -1145.5840882907355, -58.33835055487755]
[-1.75021414 -0.75021414  0.24978586]
[-6600.304563720958, -1140.808591766498, -57.7700097411319]
[-1.75023603 -0.75023603  0.24976397]
[-6576.494732963024, -1136.4840932094348, -57.25398883517185]
[-1.75025792 -0.75025792  0.24974208]
[-6555.087872050249, -1132.5978884536771, -56.788807160443355]
[-2.07002098 -1.07002098 -0.07002098]
[-9168.118001259963, -2383.6846169451464, 71.97250121197271]
[-2.02292411 -1.02292411 -0.02292411]
[-8704.621299445434, -2159.0005609176455, 80.88964481865932]
[-2.0229221 -1.0229221 -0.0229221]
[-8646.9142813059, -2144.312428378928, 80.89107886864755]
[-2.02292009 -1.02292009 -0.02292009]
[-8592.501950114276, -2130.462923986416, 80.89240964805826]
[-2.02291808 -1.02291808 -0.02291808]
[-8541.232653121244, -2117.4134309018577, 80.89364476790385]
[-2.02291608 -1.02291608 -0.02291608]
[-8492.966765028332, -2105.1283949048607, 80.8947911723862]
[-2.02291407 -1.02291407 -0.02291407]
[-8447.575709216631, -2093.575075160402, 80.89585520010684]
[-2.02291206 -1.02291206 -0.02291206]
[-8404.941083211808, -2082.723321528997, 80.89684263844124]
[-2.02291006 -1.02291006 -0.02291006]
[-8364.953876388692, -2072.5453753646493, 80.8977587719014]
[-2.02290805 -1.02290805 -0.02290805]
[-8327.513769526802, -2063.015691155185, 80.8986084251968]
[-2.02290604 -1.02290604 -0.02290604]
[-8292.52850720282, -2054.1107767096432, 80.8993960016088]
[-2.02290404 -1.02290404 -0.02290404]
[-8259.913335185029, -2045.8090498975955, 80.90012551720922]
[-2.02290203 -1.02290203 -0.02290203]
[-8229.590496008976, -2038.0907102035349, 80.90080063138473]
[-2.02290003 -1.02290003 -0.02290003]
[-8201.488776788812, -2030.9376235823656, 80.90142467406699]
[-2.02289802 -1.02289802 -0.02289802]
[-8175.543104076601, -2024.3332192949829, 80.90200067001692]
[-2.02289602 -1.02289602 -0.02289602]
[-8151.694181240202, -2018.2623975705458, 80.90253136046519]
[-2.02289402 -1.02289402 -0.02289402]
[-8129.888164404127, -2012.7114470882013, 80.90301922237319]
[-2.02289201 -1.02289201 -0.02289201]
[-8110.07637350015, -2007.6679713989115, 80.90346648554299]
[-2.02289001 -1.02289001 -0.02289001]
[-8092.215035415356, -2003.1208235203273, 80.90387514777615]
[-2.02288801 -1.02288801 -0.02288801]
[-8076.265056614786, -1999.0600480368005, 80.90424698825416]
[-2.022886 -1.022886 -0.022886]
[-8062.191822960986, -1995.476830124547, 80.90458357929063]
[-2.022884 -1.022884 -0.022884]
[-8049.965024760342, -1992.3634510002855, 80.90488629658469]
[-2.022882 -1.022882 -0.022882]
[-8039.558505342271, -1989.7132493619658, 80.9051563280862]
[-2.02288 -1.02288 -0.02288]
[-8030.95013172615, -1987.520588453641, 80.90539468156815]
[-2.022878 -1.022878 -0.022878]
[-8024.121686158183, -1985.7808284442983, 80.90560219098533]
[-2.022876 -1.022876 -0.022876]
[-8019.058777507753, -1984.49030386341, 80.9057795216855]
[-2.022874 -1.022874 -0.022874]
[-8015.75077170637, -1983.6463058851077, 80.90592717452708]
[-2.022872 -1.022872 -0.022872]
[-8014.19074059263, -1983.2470692989018, 80.90604548894467]
[-2.02287 -1.02287 -0.02287]
[-8014.375428697959, -1983.2917640484418, 80.90613464499351]
[-2.022868 -1.022868 -0.022868]
[-8016.30523767248, -1983.7804912617355, 80.9061946643933]
[-2.022866 -1.022866 -0.022866]
[-8019.984228210333, -1984.714283736986, 80.90622541058121]
[-2.022864 -1.022864 -0.022864]
[-8025.420139491858, -1986.095110888444, 80.9062265877741]
[-2.022862 -1.022862 -0.022862]
[-8032.624426318443, -1987.925888197009, 80.90619773902985]
[-2.02286 -1.02286 -0.02286]
[-8041.612314276463, -1990.210491251223, 80.90613824328736]
[-2.02285801 -1.02285801 -0.02285801]
[-8052.402873432872, -1992.9537745065672, 80.90604731135409]
[-2.02285601 -1.02285601 -0.02285601]
[-8065.019111237728, -1996.1615949349891, 80.90592398079943]
[-2.02285401 -1.02285401 -0.02285401]
[-8079.48808549241, -1999.8408407832765, 80.90576710969955]
[-2.02285202 -1.02285202 -0.02285202]
[-8095.841038438052, -2003.9994657087423, 80.90557536916802]
[-2.02285002 -1.02285002 -0.02285002]
[-8114.11355323075, -2008.646528614689, 80.90534723459118]
[-2.02284802 -1.02284802 -0.02284802]
[-8134.345734301366, -2013.792239566963, 80.90508097547428]
[-2.02284603 -1.02284603 -0.02284603]
[-8156.582413352521, -2019.4480122378336, 80.9047746437856]
[-2.02284403 -1.02284403 -0.02284403]
[-8180.873383027854, -2025.6265233952918, 80.9044260606694]
[-2.02284204 -1.02284204 -0.02284204]
[-8207.273660604153, -2032.3417800362504, 80.90403280137609]
[-2.05255067 -1.05255067 -0.05255067]
[-8477.136507552248, -2163.6172213988466, 76.650786677973]
[-2.05254608 -1.05254608 -0.05254608]
[-8480.929231810458, -2164.647475067248, 76.64537066815832]
[-2.0525415 -1.0525415 -0.0525415]
[-8486.862347530197, -2166.2381478950324, 76.63890124582788]
[-1.8131569 -0.8131569  0.1868431]
[-6602.3123865310545, -1258.0868876122315, 8.661193808755485]
[-1.81317321 -0.81317321  0.18682679]
[-6599.661910301045, -1257.637405153342, 8.728076498007212]
[-1.81318951 -0.81318951  0.18681049]
[-6598.680275793994, -1257.5214195348494, 8.77639361599202]
[-1.81320582 -0.81320582  0.18679418]
[-6599.364763993231, -1257.738456854979, 8.806208262275163]
[-1.81322212 -0.81322212  0.18677788]
[-6601.716487684272, -1258.2888096897595, 8.81754112618097]
[-1.89596978 -0.89596978  0.10403022]
[-7228.369934547847, -1546.180455800584, 58.66195337123885]
[-1.89597885 -0.89597885  0.10402115]
[-7228.910300554337, -1546.2768288114119, 58.65459171963319]
[-2.10668338 -1.10668338 -0.10668338]
[-8945.696956307775, -2404.347842487683, 59.57121407677129]
[-2.10667407 -1.10667407 -0.10667407]
[-8934.069799917113, -2401.2051448349193, 59.587995609051184]
[-2.10666477 -1.10666477 -0.10666477]
[-8924.702679781072, -2398.6836282769523, 59.59956129058893]
[-2.10665546 -1.10665546 -0.10665546]
[-8917.573845653556, -2396.7773652825585, 59.605952196013874]
[-2.19375017 -1.19375017 -0.19375017]
[-9654.891803428674, -2796.3998793923506, 7.3965414587419644]
[-2.19373328 -1.19373328 -0.19373328]
[-9630.851217345136, -2789.334093510892, 7.566099308354978]
[-2.16397874 -1.16397874 -0.16397874]
[-9345.115604145474, -2640.978096817798, 28.922903146238212]
[-2.16396444 -1.16396444 -0.16396444]
[-9311.663301535722, -2631.570316714759, 29.038059943820144]
[-1.76363537 -0.76363537  0.23636463]
[-6131.203129212453, -1079.7609193428627, -31.91978153992079]
[-1.76365597 -0.76365597  0.23634403]
[-6096.604920702168, -1073.5151222209818, -31.152150859087982]
[-1.76367657 -0.76367657  0.23632343]
[-6063.647266790289, -1067.5729478600392, -30.416373771806576]
[-1.76369717 -0.76369717  0.23630283]
[-6032.256914791581, -1061.9209185389846, -29.7109784596056]
[-1.76371776 -0.76371776  0.23628224]
[-6002.365537404074, -1056.5464656571835, -29.034590391859282]
[-1.76373835 -0.76373835  0.23626165]
[-5973.909363816953, -1051.4378617535203, -28.385924968417072]
[-1.76375893 -0.76375893  0.23624107]
[-5946.828845260359, -1046.5841588778208, -27.763780846270024]
[-1.67228318 -0.67228318  0.32771682]
[-5311.628004841058, -788.0833672440458, -127.22355483849134]
[-1.67231173 -0.67231173  0.32768827]
[-5284.133183225998, -783.7583792497481, -126.05603826471506]
[-1.67234027 -0.67234027  0.32765973]
[-5257.797379711312, -779.6188153706521, -124.93474823404853]
[-1.67236881 -0.67236881  0.32763119]
[-5232.569412037063, -775.6565079170389, -123.85762223235875]
