17999 18000 normal
Running object 17999
0.07039081567272482 1.1266227863751934
OG ERR g
[0.07459545 0.09234579 0.10030639 0.03425792 0.04174685 0.0928278
 0.04036601 0.04191617 0.05595272 0.03731399 0.03876229 0.03848888
 0.15081567 0.10166416 0.04216798 0.03460601 0.03273329 0.07364437
 0.04938819 0.03073203 0.12710918 0.16416447 0.03462589 0.03987495
 0.05148932 0.09304092 0.08077135 0.05561156 0.03148304 0.07128302
 0.03499444 0.04172183 0.0529577  0.05063216 0.03810907 0.04303117
 0.08573591 0.03330246 0.03665334 0.06810839 0.06064024 0.04824565
 0.07569314 0.0311845  0.09029219 0.0325008  0.03193433 0.07061961
 0.15273535 0.06168832 0.03179878 0.03814369 0.10229757 0.12620169
 0.03997061 0.04047594 0.04039236 0.03211417 0.04162787 0.03941934
 0.09469005 0.05633676 0.0787745  0.06361119 0.04540585 0.04477068
 0.0263447  0.10970434 0.05935067]
AB CORR ERR g
[0.08952013 0.10989253 0.11778352 0.04357567 0.05191708 0.10985602
 0.05069756 0.05255843 0.06849728 0.04727743 0.04897635 0.04868047
 0.17644438 0.12066083 0.05292502 0.04434069 0.04220466 0.08889707
 0.06146125 0.0398182  0.14982098 0.19078048 0.04445756 0.05049461
 0.06335095 0.11010335 0.09625696 0.06815241 0.04002643 0.08500465
 0.0444003  0.05225598 0.06501648 0.06130216 0.04708121 0.05275878
 0.10110582 0.04115143 0.04489487 0.08059605 0.07205524 0.05822559
 0.08933858 0.03867772 0.10606302 0.04000645 0.03937905 0.08315994
 0.17632158 0.07279871 0.0388451  0.0462097  0.11911657 0.14629883
 0.04780708 0.04804659 0.04793053 0.03822795 0.04929714 0.04677624
 0.10928594 0.06599651 0.09129566 0.0743304  0.05361447 0.05294443
 0.03158571 0.12665445 0.06975758]
NORMED AB CORR ERR g
[0.03381813 0.04186532 0.04547429 0.01553096 0.0189261  0.04208384
 0.01830008 0.01900285 0.02536638 0.01691644 0.01757303 0.01744908
 0.06837286 0.04608984 0.01911701 0.01568877 0.01483976 0.03338696
 0.02239033 0.01393248 0.05762544 0.07442459 0.01569778 0.01807746
 0.02334288 0.04218046 0.036618   0.02521171 0.01427296 0.03231643
 0.01586486 0.01891475 0.02400858 0.02295429 0.01727689 0.01950835
 0.0388687  0.0150978  0.01661693 0.0308772  0.02749149 0.02187235
 0.03431577 0.01413761 0.04093431 0.01473436 0.01447755 0.03201567
 0.06924316 0.02796663 0.0144161  0.01729259 0.046377   0.05721402
 0.01812083 0.01834992 0.01831203 0.01455908 0.01887215 0.01787091
 0.0429281  0.02554049 0.03571272 0.02883838 0.02058491 0.02029696
 0.01194347 0.04973488 0.02690685]
0.05221471667461246 1.056666068277515
OG ERR r
[0.0783596  0.05198635 0.08759614 0.07821897 0.04473551 0.07514652
 0.05213045 0.0506148  0.06650498 0.05048338 0.0546256  0.04689351
 0.08824688 0.04907563 0.04318038 0.0404872  0.0674895  0.06713177
 0.10415915 0.09867305 0.12463742 0.0445738  0.05418247 0.08599188
 0.06961369 0.08826998 0.06733274 0.04319709 0.05146087 0.05419578
 0.0491456  0.05025964 0.05243269 0.07214171 0.04054897 0.04557945
 0.05759676 0.04104429 0.07013863 0.06076085 0.06260925 0.04885984
 0.07175612 0.04040604 0.04154634 0.06481648 0.11719351 0.05489625
 0.03930633 0.04407521 0.08818796 0.10581879 0.07470687 0.12073728
 0.05178548 0.05760122 0.04281195 0.10204301 0.05346797 0.05586717
 0.05009458 0.06511922 0.08017442 0.03094894 0.09242251 0.07861774
 0.05289929 0.05199816 0.05578682 0.09153393 0.06792252]
AB CORR ERR r
[0.08657627 0.05851078 0.09637182 0.08626757 0.05076518 0.08303929
 0.0587253  0.056992   0.07398755 0.05690884 0.06138349 0.05301004
 0.09714799 0.05540251 0.04904994 0.04622866 0.07510541 0.07479797
 0.11395873 0.10814854 0.13543615 0.05060525 0.06076819 0.09446228
 0.07706822 0.09681468 0.07446851 0.04903714 0.05795066 0.06090925
 0.05489616 0.05606313 0.05847743 0.07905011 0.04545025 0.05082802
 0.06364955 0.04587001 0.07694479 0.06702628 0.06903262 0.05433004
 0.07873742 0.04525794 0.04642056 0.07136308 0.12672813 0.06053118
 0.0438553  0.04898578 0.09592357 0.11484083 0.08133271 0.12972394
 0.05673665 0.0630459  0.04701947 0.1100364  0.05852966 0.06101159
 0.05487387 0.07101943 0.08681394 0.03417068 0.09960828 0.08524285
 0.05766155 0.05691463 0.06110407 0.0989516  0.07396056]
NORMED AB CORR ERR r
[0.03051368 0.02024379 0.03411045 0.03045892 0.01742027 0.02926249
 0.0202999  0.0197097  0.02589742 0.01965852 0.02127153 0.01826061
 0.03436385 0.01911034 0.01681469 0.01576595 0.02628081 0.0261415
 0.04056018 0.03842386 0.04853454 0.0173573  0.02109897 0.03348574
 0.02710797 0.03437284 0.02621976 0.0168212  0.02003916 0.02110415
 0.01913758 0.0195714  0.0204176  0.0280924  0.01579    0.0177489
 0.02242851 0.01598288 0.02731239 0.02366063 0.0243804  0.01902631
 0.02794225 0.01573434 0.01617838 0.02523991 0.04563583 0.02137692
 0.01530611 0.01716314 0.0343409  0.04120645 0.02909129 0.0470158
 0.02016557 0.02243025 0.01667122 0.03973614 0.02082074 0.021755
 0.01950712 0.0253578  0.03122039 0.0120517  0.03598986 0.0306142
 0.02059929 0.02024839 0.02172371 0.03564384 0.02644942]
0.04806290106492023 1.0455954114090282
OG ERR i
[0.09242281 0.07621503 0.0619246  0.08955783 0.07121552 0.06022818
 0.07912458 0.06402528 0.08165498 0.07753562 0.06793331 0.06399744
 0.05485524 0.08685946 0.08551507 0.05372618 0.05013229 0.06982122
 0.09216283 0.04973057 0.11595161 0.08843832 0.09083659 0.05191609
 0.06116099 0.0689582  0.0759665  0.08276533 0.14797458 0.05231411
 0.07422752 0.06101113 0.06754879 0.06583574 0.05424127 0.07167115
 0.0679157  0.0709542  0.06222665 0.43630227 0.04796451 0.08281279
 0.09037795 0.16400705 0.06616808 0.05641244 0.0664268  0.06621933
 0.05517103 0.05204155 0.09940173 0.06867085 0.10227272 0.0751949
 0.05586198 0.05783729 0.07620042 0.12052101 0.09807851 0.08731414
 0.08857956 0.05865664 0.45965204 0.0997095  0.05414009 0.07576641
 0.08797855 0.0753486  0.07297128 0.07865761 0.08474796 0.07678843
 0.0437998  0.08937617 0.07749366 0.0531581  0.07433599 0.08720323
 0.0459185  0.08342862 0.10063653]
AB CORR ERR i
[0.10089605 0.08380293 0.06860202 0.09754198 0.07821941 0.0666714
 0.08681311 0.07076275 0.0895315  0.08503053 0.07504568 0.07091032
 0.0611354  0.09496625 0.09380082 0.06008519 0.05611842 0.07694842
 0.10075274 0.05572169 0.1258886  0.09669343 0.09910061 0.05781787
 0.0679251  0.07610255 0.08311936 0.09061631 0.15874258 0.05821665
 0.08134738 0.06763081 0.0747399  0.07267065 0.05985718 0.07832044
 0.07456206 0.07736439 0.06833592 0.4608121  0.05303295 0.08980682
 0.09794261 0.17530914 0.0721762  0.06200205 0.07276848 0.0724934
 0.06067979 0.05752344 0.10740753 0.07492798 0.11008721 0.0816555
 0.06099905 0.06324939 0.0828532  0.12903062 0.10589257 0.09398485
 0.09518964 0.06371839 0.48430398 0.10702301 0.0587755  0.0818188
 0.09422765 0.08126703 0.07895598 0.08456834 0.09142367 0.08262078
 0.04806533 0.09587621 0.0835855  0.05768481 0.08027706 0.09378798
 0.04997734 0.08964529 0.10824775]
NORMED AB CORR ERR i
[0.02640525 0.02177467 0.01769189 0.02558672 0.02034631 0.01720722
 0.02260594 0.01829206 0.02332887 0.02215197 0.01940858 0.0182841
 0.01567217 0.02481579 0.0244317  0.0153496  0.01432282 0.01994796
 0.02633097 0.01420805 0.03312744 0.02526688 0.02595206 0.01483245
 0.01747373 0.01970139 0.02170367 0.0236461  0.04227642 0.01494617
 0.02120684 0.01743091 0.01929872 0.01880931 0.01549676 0.02047648
 0.01940355 0.02027165 0.01777819 0.12465179 0.01370349 0.02365966
 0.02582103 0.0468569  0.01890425 0.01611706 0.01897817 0.0189189
 0.01576239 0.0148683  0.02839913 0.0196193  0.02921937 0.02148322
 0.0159598  0.01652415 0.0217705  0.03443291 0.02802108 0.02494569
 0.02530723 0.01675823 0.13132283 0.02848705 0.01546785 0.0216465
 0.02513552 0.02152714 0.02084794 0.02247252 0.02421254 0.02193849
 0.01251363 0.02553482 0.02213998 0.0151873  0.02123783 0.02491401
 0.01311894 0.0238356  0.02875191]
0.0339112340056333 1.0616862096323512
OG ERR z
[0.18048535 0.16731061 0.15669931 0.17743538 0.09684041 0.08589511
 0.14950076 0.15474255 0.10084783 0.10070734 0.13705344 0.10530846
 0.13012806 0.14581276 0.11632085 0.11747482 0.12276797 0.12714785
 0.12686609 0.1417436  0.12712345 0.11288915 0.12098709 0.1062234
 0.10885497 0.0953773  0.10166347 0.1625042  0.13412082 0.151025
 0.11345658 0.11794979 0.11197223 0.12954843 0.08704365 0.08102586
 0.07861333 0.12657933 0.13545254 0.16830766 0.16992044 0.08400307
 0.08833233 0.20071876 0.2307304  0.11232219 0.1132669  0.14045861
 0.12289795 0.08587424 0.11798567 0.12144048 0.11639984 0.10927556
 0.10038733 0.09737191 0.12590712 0.13251851 0.15943286 0.12491532
 0.08886116 0.08688284 0.12460542 0.14168769 0.11020459 0.09989644
 0.12258943 0.11388305 0.11829452 0.11238922 0.09427618 0.10753624
 0.1358676  0.14520441 0.11570087 0.1181395  0.11239824 0.10693824
 0.07000779 0.06921793 0.10338435 0.10064494 0.06912832 0.07017846
 0.07773575 0.12650892 0.17094263 0.14368483 0.21176216 0.21216261
 0.10613307 0.10686791 0.0927751  0.0963724  0.11706028 0.12681216
 0.09935422 0.09820975 0.09282157 0.08419499 0.08964645 0.0852913
 0.1680654  0.14323452 0.11915616 0.1181779  0.1333326  0.12876232
 0.13556498 0.13357395 0.09148074 0.09913725 0.10147786 0.10216291
 0.10356332 0.10811289 0.16143014 0.15226014 0.17311716 0.19309148
 0.21328706 0.110807   0.10336851 0.13487358 0.10319136 0.09785113
 0.15958089 0.23100252 0.16283067 0.2257216  0.11768754 0.1020146
 0.14232202 0.14796723 0.18222713 0.12744044 0.12363836 0.13983713
 0.15533277 0.14090024 0.13103087 0.14430188 0.15351906 0.15677056
 0.11611458 0.11482459 0.0683036  0.06813025 0.12164243 0.13103612
 0.0863535  0.09312324 0.14121664 0.15365541 0.17116132 0.16512902
 0.08851516 0.08515755 0.12091774 0.11441025 0.2063618  0.20060521]
AB CORR ERR z
[0.19369613 0.17957336 0.1682457  0.19052872 0.10447279 0.09271985
 0.16048488 0.16616017 0.10862702 0.10853285 0.14725384 0.11353505
 0.13985184 0.15647851 0.12525542 0.12641965 0.1321168  0.13672398
 0.1364701  0.15248717 0.13672489 0.12159525 0.1301485  0.11449426
 0.11731995 0.10291292 0.10967448 0.17460752 0.14426005 0.16227405
 0.12220868 0.12693982 0.12064511 0.13940161 0.093978   0.0875417
 0.084916   0.1361974  0.14563887 0.1807334  0.18238577 0.09066281
 0.09534613 0.21516648 0.24743578 0.12083864 0.12183773 0.15095618
 0.13226481 0.09282678 0.12699331 0.13080652 0.12525031 0.11770678
 0.10817492 0.10488742 0.13543436 0.14247662 0.17121641 0.13436602
 0.09573933 0.09366421 0.13393222 0.1521492  0.11870418 0.1076196
 0.13194212 0.12266014 0.1272949  0.12098319 0.10140538 0.11562929
 0.14578922 0.15566415 0.1244849  0.12686524 0.12068337 0.11479135
 0.0754548  0.07455409 0.11105952 0.10810838 0.07436533 0.07546904
 0.08360707 0.13554648 0.18278629 0.15405612 0.22662705 0.22684705
 0.11395074 0.11471941 0.09977752 0.103565   0.12567183 0.13608661
 0.10669561 0.10544761 0.09967094 0.09042697 0.09633964 0.09178775
 0.18000144 0.15358463 0.12803105 0.12686068 0.14280252 0.13786465
 0.14522855 0.14307882 0.09814551 0.10638653 0.10885556 0.10961975
 0.11093064 0.11595508 0.17277876 0.16302204 0.18536326 0.20636232
 0.22818275 0.11868621 0.11077335 0.14451233 0.1105663  0.10471222
 0.17075115 0.24631107 0.17403151 0.24108571 0.12574126 0.1091404
 0.15229355 0.15827997 0.19473366 0.13633181 0.13222328 0.14950335
 0.16601044 0.15067162 0.14005546 0.15420349 0.16409533 0.16757275
 0.12429758 0.12274887 0.07312643 0.07297944 0.13000578 0.14020449
 0.09235724 0.09974541 0.1510711  0.16434407 0.18290329 0.17661048
 0.09472023 0.09113636 0.12939115 0.12235844 0.2204164  0.21450236]
NORMED AB CORR ERR z
[0.05410923 0.05015947 0.04697821 0.05319485 0.02903261 0.02575122
 0.0448201  0.04639158 0.03023402 0.0301919  0.04108841 0.03157131
 0.03901219 0.04371444 0.03487281 0.03521877 0.03680565 0.03811873
 0.03803426 0.04249451 0.03811141 0.03384399 0.03627174 0.03184561
 0.03263455 0.02859397 0.03047855 0.04871851 0.04020922 0.04527706
 0.03401411 0.03536117 0.0335691  0.03883842 0.02609555 0.02429143
 0.02356815 0.03794829 0.04060846 0.05045838 0.05094189 0.02518399
 0.0264819  0.06017518 0.06917262 0.03367402 0.03395724 0.04210928
 0.03684462 0.02574497 0.03537192 0.03640767 0.03489649 0.03276065
 0.03009597 0.02919195 0.03774676 0.03972885 0.04779772 0.03744942
 0.02664044 0.02604734 0.03735651 0.04247775 0.03303917 0.0299488
 0.03675212 0.03414196 0.03546451 0.03369411 0.02826385 0.0322392
 0.0407329  0.04353206 0.03468694 0.03541804 0.03369682 0.03205992
 0.02098823 0.02075143 0.03099447 0.0301732  0.02072456 0.02103939
 0.02330506 0.03792718 0.05124834 0.04307649 0.06348597 0.06360602
 0.03181853 0.03203883 0.02781383 0.0288923  0.03509449 0.03801809
 0.02978624 0.02944313 0.02782776 0.02524153 0.02687587 0.0255702
 0.05038575 0.04294149 0.03572283 0.03542955 0.03997291 0.03860275
 0.04064217 0.04004527 0.02742578 0.02972119 0.03042291 0.03062828
 0.03104812 0.03241208 0.04839651 0.04564736 0.05190026 0.05788853
 0.06394313 0.03321977 0.03098972 0.04043489 0.03093661 0.02933562
 0.0478421  0.0692542  0.04881638 0.06767099 0.03528254 0.03058382
 0.04266792 0.04436035 0.05463142 0.03820645 0.03706659 0.04192296
 0.04656853 0.04224167 0.03928285 0.04326148 0.04602478 0.04699957
 0.03481097 0.03442423 0.02047731 0.02042535 0.03646821 0.03928443
 0.02588865 0.0279182  0.04233653 0.04606565 0.0513139  0.04950543
 0.02653671 0.0255301  0.03625095 0.03430002 0.06186695 0.06014114]
0.0
Counts: {'g': 69, 'r': 71, 'i': 81, 'z': 162}
Mu: {'g': 2.2057827, 'r': 2.568015, 'i': 3.5001686, 'z': 3.3355742}
Variable??
0.04594543717736585
175.02163671433198
Variable Source!
Variable??
0.05618977698957241
93.2767906784455
Variable Source!
Variable??
0.06957683712244034
76.80780112950666
Variable Source!
Variable??
0.11350008668181594
27.54893543633442
Variable Source!
Variable:    4/4
Var Bands:   griz
Slope:       [1.2850511156826694, 1, 0.8317924476815184, 0.8597424982702457]
Slope Error: [0.03858451844123591, 0, 0.024222280092687187, 0.02517287962493816]
intercepts:  [-0.07892252494876262, 0, -0.02764245276596381, -0.037455932568468686]
Int Error:   [0.008053870224116006, 0, 0.005123462841861304, 0.00525387739084014]
StDev:       [0.58803594, 0.5359437, 0.6111154, 0.61036915]
[0.19435523 0.26271877 0.36605797 0.36606238 0.45166037 0.34584463
 0.26298017 0.33370904 0.50697831 0.29363628 0.29738813 0.24366232
 0.26116423 0.23148843 0.23786566 0.25863996 0.33034717 0.10739164
 0.21268555 0.22634938 0.21318551 0.25216047 0.19019767 0.26708885
 0.24141925 0.26555794 0.32316253 0.15834957 0.32626331 0.22328426
 0.24247937 0.20133838 0.16133603 0.31534314 0.204556   0.2721078
 0.28258367 0.26876399 0.31306726 0.21599255 0.34782537 0.24569317
 0.27347067 0.30651448 0.20854007 0.26494854 0.2845482  0.29272274
 0.44291218 0.21514343 0.2642408  0.311433   0.3331626  0.26109046
 0.22005608 0.3395489  0.28077629 0.31164713 0.32756813 0.2451626
 0.2224365  0.29693997 0.29772651 0.34096761 0.47244793 0.30130845
 0.33395594 0.35690164 0.37956214 0.2880704  0.26159703 0.42843519
 0.27906056 0.31803211 0.22641349 0.26383982 0.33077762 0.36237177
 0.23939557 0.35353872 0.25167801 0.26660306 0.24289137 0.29324502
 0.27546734 0.22568756 0.25966265 0.25146801 0.29992088 0.28745852
 0.33013987 0.32901192 0.26537503 0.41549597 0.31070836 0.39357203
 0.43936254 0.23314739 0.3047884  0.21773442 0.26124881 0.27094608
 0.48057725 0.4261607  0.70699545 0.27173021 0.31623352 0.35970993
 0.19860586 0.20338982 0.20805165 0.21503868 0.31729185 0.32255485
 0.32006845 0.25234888 0.22012537 0.33770385 0.25275237 0.27149628
 0.29005728 0.34340358 0.38855759 0.19945113 0.23490357 0.25125499
 0.32414064 0.28307281 0.16210031 0.19635001 0.19019823 0.19011511
 0.24025835 0.16427708 0.19394982 0.2956794  0.31649561 0.29995201
 0.21402642 0.22213587 0.17675228 0.28660775 0.38018419 0.14507356
 0.14546251 0.21161146 0.16820143 0.1074483  0.13900367 0.21067145
 0.2136359  0.24111904 0.18712254 0.24161312 0.29120126 0.21785629
 0.28861907 0.20542956 0.26336884 0.37152078 0.31601969 0.32426253
 0.19882559 0.27575741 0.27127969 0.25421141 0.27048309 0.08236279
 0.07737879 0.09367117 0.09513374 0.13362061 0.08568551 0.10701185
 0.07023728 0.13438343 0.10981893 0.09023427 0.0997563  0.16321112
 0.23642835 0.10751156 0.08855438 0.09170778 0.041446   0.10788103
 0.0929815  0.07154194 0.01588992 0.08853803 0.09284125 0.07492678
 0.01900999 0.10056328 0.092748   0.09879765 0.39580009 0.07969294
 0.02419372 0.14658111 0.13415996 0.04132419 0.09468261 0.11688586
 0.08370378 0.03597287 0.15409122 0.09645724 0.07245154 0.02457682
 0.1735453  0.09982491 0.11259036 0.15276961 0.23225022 0.12207834
 0.0752854  0.02506628 0.11799739 0.10156226 0.10670842 0.07234064
 0.09270916 0.09075453 0.09514621 0.02096848 0.09555897 0.10127099
 0.10471847 0.07938277 0.02794225 0.09274366 0.12577999 0.11234972
 0.08187715 0.02130409 0.14222519 0.09381735 0.16441319 0.08023065
 0.03794168 0.09299082 0.11210441 0.08966971 0.09956396 0.12305136
 0.11544298 0.0995377  0.09498757 0.02524205 0.09554411 0.14909799
 0.08845621 0.07092134 0.15846808 0.13082252 0.2055315  0.12339257
 0.12562022 0.08818575 0.13044506 0.14706492 0.11452481 0.0873211
 0.21401161 0.20322283 0.15452805 0.10485717 0.15789252 0.08309297
 0.17112145 0.14998044 0.09071187 0.08544751 0.27260823 0.09587992
 0.15360267 0.08491852 0.04155261 0.19118051 0.1171993  0.11758178
 0.09322406 0.12024019 0.15957804 0.26314043 0.17113981 0.15806388
 0.1910815  0.29111237 0.30858439 0.24626879 0.23699056 0.12093872
 0.2007306  0.237614   0.30006057 0.36634533 0.24980663 0.1457377
 0.17992129 0.38789372 0.20331578 0.20275282 0.25833917 0.25406168
 0.14001697 0.23388594 0.27769398 0.36416933 0.44455504 0.37391884
 0.27343571 0.20618114 0.21915721 0.20560825 0.25776627 0.43191527
 0.33735587 0.29319719 0.20841044 0.23798452 0.31489105 0.30813509
 0.29140428 0.26142769 0.24496414 0.28163705 0.36390175 0.20893411
 0.25604431 0.38157026 0.34409709 0.21063312 0.21497463 0.28154534
 0.2680361  0.21924901 0.27021875 0.37489059 0.40295168 0.27591009
 0.30164092 0.2663624  0.3832402  0.35461099 0.20917287 0.32945894
 0.3641891  0.22032758 0.2453804  0.40506346 0.29179527 0.26084336
 0.19778867 0.32011034 0.3839394  0.4319779  0.31124609 0.20612315
 0.25297949 0.28700618 0.23763365 0.21012261 0.19967342 0.29245391
 0.20563862 0.24912445 0.16960579 0.23401248 0.39662243 0.39074931
 0.39056272 0.17081677 0.24201831 0.35813399 0.29092844 0.36564182
 0.16760546 0.22254698 0.18869015 0.16747056 0.10955509]
ROW: 17999 Tau: 2.484852308185371 V: -0.6544363117409776
383
