('17999', '18000', 'normal')
Running object 17999
[0.03102141 0.03219784 0.03558332 0.02645304 0.02291325 0.08561663
 0.04494976 0.02127986 0.02494179 0.03205977 0.04820407 0.02358834
 0.02721011 0.03813497 0.0485381  0.05071799 0.0327527  0.0268681
 0.03063101 0.02357286 0.04290308 0.02375775 0.02656818 0.0269218
 0.02604517 0.03815611 0.0382354  0.07175537 0.04595191 0.0379431
 0.03888448 0.02812668 0.04382122 0.03905342 0.0497001  0.03606225
 0.04921671 0.01908814 0.04499469 0.04243004 0.02095088 0.05983936
 0.03612031 0.03453634 0.05574213 0.07319082 0.02301605 0.02974847
 0.04608583 0.03754087 0.04409023 0.04531823 0.0495383  0.05030541
 0.05847766 0.02410864 0.03618805 0.10307117 0.05007162 0.04434018
 0.04084321 0.04309921 0.04792735 0.03538457 0.04838414 0.02659293
 0.05446758 0.03338699 0.03104006 0.03162548 0.04684283 0.0232467
 0.02895318 0.08173294 0.03043362 0.03668286 0.03222297]
(0.07039081567272482, 1.1266227863751934)
[0.04649947 0.05134105 0.04767582 0.14027417 0.04417396 0.03510053
 0.0323299  0.02955678 0.11150126 0.03397918 0.03842029 0.07820965
 0.03071747 0.0357518  0.04766022 0.04714953 0.04880464 0.03419986
 0.04031542 0.03999715 0.06801639 0.03807767 0.04850921 0.07585711
 0.03331466 0.03581727 0.07464962 0.03208685 0.03835435 0.0568888
 0.08714007 0.03995503 0.05101011 0.04552162 0.02458096 0.05337286
 0.02625957 0.06662986 0.04983445 0.07529721 0.08993412 0.05242579
 0.03194723 0.03848232 0.0587817  0.04532261 0.08786163 0.05294928
 0.06051702 0.05091635 0.03117694 0.04625036 0.05576153 0.05031487
 0.05422511 0.05599336 0.03595695 0.05079455 0.03880119 0.03927096
 0.04507606 0.03120094 0.04213335 0.0576891  0.03640794 0.0488866
 0.03395496]
(0.05221471667461246, 1.056666068277515)
[0.06801838 0.06326502 0.04888232 0.08580422 0.06048343 0.04710493
 0.04379627 0.04315091 0.0521333  0.05662421 0.06575856 0.10039378
 0.04710925 0.07216053 0.09450228 0.0555905  0.06467398 0.04910121
 0.06547307 0.04022406 0.06355371 0.04746082 0.04173046 0.09562024
 0.08850501 0.05602742 0.07597359 0.06275079 0.05075253 0.04867646
 0.10208364 0.06770687 0.12930906 0.05898673 0.0561989  0.10129077
 0.10485481 0.08160219 0.06593415 0.05732795 0.         0.07589877
 0.08507129 0.03358455 0.09895593 0.0416084  0.06819084 0.0638594
 0.08300316 0.05054028 0.0468181  0.06487935 0.12018376 0.10795975
 0.06512533 0.07023477 0.06506589 0.04739347 0.08986986 0.0568013
 0.06794999 0.06119842 0.08349256 0.06887355 0.04479068 0.06598052
 0.05334232 0.06784201 0.05469059 0.04185815 0.0723814  0.05272668
 0.05167789 0.06900976 0.06042213 0.05015255]
(0.04806290106492023, 1.0455954114090282)
[0.         0.09608641 0.14193688 0.08400713 0.08515648 0.07596363
 0.         0.08918049 0.12531751 0.09329127 0.13533598 0.12930736
 0.10758602 0.09970377 0.08552501 0.09996259 0.1232141  0.12073034
 0.11322569 0.13344301 0.13586752 0.06836064 0.06580192 0.11411733
 0.06725987 0.07662315 0.07225047 0.07544981 0.22461827 0.
 0.09260132 0.1146238  0.         0.09900432 0.1019406  0.11555361
 0.11587508 0.14350346 0.         0.10595906 0.14678466 0.11212845
 0.         0.         0.         0.16899025 0.13835333 0.14343101
 0.09309501 0.12137716 0.1040052  0.         0.11675158 0.09551243
 0.07696324 0.11118959 0.13944153 0.13124323 0.         0.11451197
 0.         0.0983071  0.11039265 0.         0.12518847 0.07451316
 0.07730351 0.08400486 0.09378643 0.12384965]
(0.0339112340056333, 1.0616862096323512)
0.0
Counts: {'i': 75, 'r': 67, 'z': 58, 'g': 77}
Mu: {'i': 0.33040264, 'r': 0.2686009, 'z': 0.48203486, 'g': 0.22046123}
Variable??
0.03365508046437317
1.3327855676848794
Non-Variable source in g
Variable??
0.04264826151188976
1.926277297249025
Non-Variable source in r
Variable??
0.05915897446092221
1.5283600596551299
Non-Variable source in i
Variable??
0.09976276998448004
1.13532287421675
Non-Variable source in z
Variable:    0/4
Var Bands:   
Slope:       [1, 1, 0.6894210252802213, 0.2288141329840161]
Slope Error: [0.1501878586714425, 0, 0.11969570776684071, 0.11400933033031686]
intercepts:  [0.004581679045907783, 0, -0.0031361013518445002, 0.02690075662764102]
Int Error:   [0.029169318494676227, 0, 0.025905929030289824, 0.03419838664329893]
StDev:       [0.049111087, 0.09142796, 0.09045084, 0.13642499]
Not variable, going to next row
('63815', '63816', 'normal')
Running object 63815
[0.03087106 0.03207817 0.03206588 0.09504177 0.03553305 0.02715616
 0.06675206 0.09450817 0.04314921 0.02276642 0.10840156 0.11927115
 0.16184254 0.02684729 0.03347789 0.04621797 0.08645267 0.07614745
 0.04810304 0.02538417 0.06505141 0.08681728 0.02812094 0.03561421
 0.04761701 0.04604656 0.03346662 0.03844404 0.07949299 0.02939792
 0.03270798 0.02621189 0.05747639 0.04396728 0.07326514 0.04785731
 0.08587754 0.02917557 0.02871905 0.06675421 0.06786811 0.14676379
 0.05882916 0.02942927 0.03553586 0.09915065 0.12272272 0.07318583
 0.03809749 0.1406302  0.05707833 0.14815515 0.04434769 0.03886779
 0.29337806 0.05871119 0.16785209 0.03863547 0.03129072 0.04318227
 0.12466164 0.03997007 0.04714338 0.03867228 0.04697936 0.09059689
 0.02383223 0.05400326 0.07687425 0.06210824 0.04380144 0.0257948
 0.10780319 0.05801501 0.10265866 0.10912637 0.03665132 0.04866033
 0.05242703 0.03199684 0.11236136 0.04453079 0.04520928 0.03852509
 0.0648572  0.04350771 0.10901149 0.03551414 0.09895996 0.05786183
 0.09123955 0.05013495 0.05240681 0.04701777 0.05314217 0.08033787
 0.02760063 0.06664179 0.03705833 0.13012756 0.05029    0.04845162
 0.04587472 0.04186574 0.04252463 0.04468501 0.06387173 0.06935924
 0.09272933 0.07302646 0.03576989 0.08990583 0.09797771 0.04643597
 0.02970826 0.05104928 0.0367384  0.1081266  0.03389899 0.03387721
 0.04460506 0.12438904 0.02727673 0.03245977 0.10418866 0.07187767
 0.03361502 0.06475247 0.13273735 0.03969963 0.03541696]
(0.07039081567272482, 1.1266227863751934)
[0.04536549 0.05021651 0.04248517 0.13912676 0.0848478  0.04462162
 0.03803375 0.03521645 0.06322846 0.14105627 0.06227069 0.09987513
 0.09313744 0.04058268 0.0497464  0.08120949 0.06580333 0.08434086
 0.06315144 0.07820389 0.0385589  0.0458724  0.05045302 0.04633709
 0.04677775 0.04926328 0.06932078 0.04283957 0.05507326 0.03872911
 0.06751374 0.05806419 0.06076198 0.0410044  0.04699554 0.06888084
 0.18481778 0.03808695 0.03913228 0.06966091 0.06253305 0.11378791
 0.05298299 0.03870683 0.04279416 0.08754009 0.1033656  0.07921863
 0.25899693 0.07161208 0.11692417 0.06284969 0.05021887 0.07246788
 0.3296087  0.27100527 0.08388378 0.29371363 0.0554262  0.04237611
 0.05839232 0.1008018  0.05226685 0.05521055 0.04966224 0.07827225
 0.03101568 0.08802868 0.07785758 0.05264931 0.05110303 0.05449403
 0.03268538 0.08896627 0.06755514 0.08946342 0.1013962  0.05229653
 0.04924833 0.05725237 0.13599218 0.05170345 0.03604101 0.04240617
 0.09271874 0.07596633 0.07534784 0.05702031 0.07949843 0.04866129
 0.08466793 0.04585435 0.08186834 0.07958412 0.10125942 0.05310308
 0.06573381 0.05977387 0.05248215 0.06371634 0.03562624 0.05906823
 0.04545142 0.10640518 0.04921299 0.05690713 0.05308396 0.05626926
 0.05186418 0.09930158 0.07166314 0.12867847 0.13555507 0.10248958
 0.09260679 0.07767657 0.04597043 0.151045   0.08688984 0.08009553
 0.05464341 0.04037256 0.05176958 0.04122906 0.11084077 0.04249624
 0.04638441 0.05775394 0.09929403 0.03986473 0.08188117 0.05714871
 0.04076008 0.05444424 0.10644259 0.04917052 0.03933347]
(0.05221471667461246, 1.056666068277515)
[0.06399901 0.05912001 0.0507203  0.08496589 0.08143233 0.05771306
 0.04895501 0.04553025 0.06597008 0.6217585  0.08796487 0.04452774
 0.11439866 0.08347903 0.08870167 0.05702059 0.06414795 0.07195605
 0.07824739 0.14269957 0.04716596 0.07156078 0.07798105 0.05685169
 0.06445672 0.06145595 0.05164149 0.06497049 0.06880337 0.05942828
 0.05003051 0.04563086 0.08129374 0.08780015 0.16404547 0.06444714
 0.05428031 0.0643492  0.13502416 0.06322549 0.1772805  0.05270727
 0.04950352 0.09763579 0.06754532 0.10051552 0.07246979 0.05530817
 0.05631879 0.07524282 0.11842538 0.09606539 0.44076118 0.08585089
 0.087583   0.07802805 0.05698212 0.08684597 0.17524146 0.22341372
 0.19518553 0.09696446 0.05283624 0.14562395 0.08823635 0.0741991
 0.07214854 0.07861213 0.08149815 0.07595282 0.03927267 0.09041528
 0.07667526 0.05281272 0.07413845 0.08690745 0.04564435 0.08395577
 0.09892299 0.09442807 0.13380404 0.0681503  0.06504789 0.07499433
 0.10970446 0.05366362 0.04820974 0.06017142 0.06728027 0.5530276
 0.11133061 0.13423884 0.12250523 0.09569303 0.10521196 0.06954663
 0.07788903 0.06767152 0.10618103 0.07129463 0.12463048 0.08626229
 0.06569077 0.06677429 0.05153531 0.08507258 0.06187899 0.11024912
 0.05956121 0.06845961 0.06229864 0.0863181  0.07042553 0.15988353
 0.99747133 0.13248907 0.08036392 0.08316916 0.09142147 0.06090138
 0.13800153 0.07593907 0.06836596 0.04750227 0.06439143 0.0527287
 0.08853646 0.06182269 0.06321748 0.08993042 0.08305987 0.0555573
 0.04489972 0.07403226 0.05376402 0.05041763 0.06545026 0.10158122
 0.06110422 0.05402949]
(0.04806290106492023, 1.0455954114090282)
[0.13969298 0.11107842 0.11638556 0.1010746  0.101193   0.09247602
 0.09772994 0.17732333 0.16198342 0.13402006 0.1482236  0.11606438
 0.10784613 0.10955713 0.12670113 0.07875933 0.08463906 0.07680915
 0.07587904 0.12274037 0.13227142 0.16546091 0.16309965 0.07999986
 0.08434965 0.20110643 0.23251477 0.10936826 0.10995681 0.12268406
 0.08236562 0.07917754 0.11724377 0.12060878 0.11350279 0.10620821
 0.09742063 0.09445692 0.12361228 0.12853974 0.15924382 0.12209126
 0.08654623 0.0835809  0.14087969 0.12299599 0.12773226 0.13453227
 0.09826328 0.10647862 0.11885053 0.11024511 0.1146128  0.10861667
 0.10744315 0.09337837 0.13193691 0.14585075 0.11369366 0.11748282
 0.11180384 0.10580929 0.06906641 0.06865009 0.10285314 0.10052268
 0.06900303 0.07044439 0.07528837 0.07786937 0.12858637 0.12562598
 0.17392866 0.14520457 0.2186468  0.21756403 0.10662562 0.10685638
 0.09212815 0.09424747 0.11528023 0.12632805 0.22627783 0.22777013
 0.09809132 0.09820758 0.2547801  0.2800957  0.08995495 0.08360095
 0.08816689 0.08370901 0.16822919 0.14355199 0.11482438 0.11906974
 0.13222483 0.12682812 0.13571715 0.13194118 0.09304936 0.09884974
 0.10156175 0.10327005 0.10550077 0.10687424 0.15884513 0.15470043
 0.17501709 0.19468558 0.27843487 0.26445833 0.19238023 0.21169066
 0.10196692 0.10968736 0.15862118 0.1319028  0.10284949 0.09945566
 0.15963814 0.1757918  0.31291968 0.2654952  0.23369144 0.20806022
 0.25104195 0.22676927 0.3097485  0.3331619  0.1592047  0.22160968
 0.10275941 0.12011192 0.14221096 0.1484377  0.23203687 0.18328857
 0.12426883 0.12943467 0.14075366 0.15502411 0.1378751  0.13197339
 0.14576556 0.16328262 0.15647762 0.1578158  0.11539796 0.1138666
 0.0664049  0.0698932  0.12190322 0.13124555 0.0866279  0.09291852
 0.14084272 0.15488374 0.17384309 0.16533946 0.08788247 0.08435223
 0.12214018 0.11606142 0.20977126 0.20152809 0.1497611  0.12783544
 0.25636688 0.15856032 0.11861419 0.10304151 0.10909626 0.10902087
 0.14532353 0.1305878  0.14154053 0.14525521 0.07975286 0.07804278
 0.08408287 0.08766194 0.11945615 0.1117555  0.09330701 0.0937892
 0.4025306  0.18898907 0.16846359 0.21548    0.20182173 0.18464671
 0.16609356 0.16795088 0.16139445 0.16959667 0.16440317 0.1366951
 0.14854397 0.11858319 0.11574629 0.1272472  0.12098578 0.2005968
 0.19270755 0.30608746 0.2695037  0.12252067 0.11777006 0.21837847
 0.20420028 0.16676487 0.17266846 0.12171499 0.1206945  0.1026502
 0.10435433 0.09018011 0.07822338 0.13874108 0.15309025 0.10620058
 0.10433987 0.15868615 0.1509105  0.10391689 0.10116152 0.12150434
 0.12573272 0.12080586 0.10859807 0.17443718 0.15103677 0.25785086
 0.18786103 0.12178612 0.11906492 0.25026777 0.23253755 0.24082012
 0.251952   0.57171977 0.24373141 0.27952608 0.14042708 0.10602402
 0.13632433 0.14882869 0.10812113 0.10460769 0.19026002 0.20649962
 0.10740424 0.10064496 0.11167719 0.10572851 0.12259786 0.12974007
 0.08565133 0.08205099 0.10866883 0.10100795 0.09765133 0.09822036
 0.14329812 0.18904746 0.11630182 0.11168137 0.16879655 0.17308691
 0.11164998 0.10912689 0.09609399 0.09883262 0.0780863  0.07710252
 0.10351983 0.10025777 0.08380028 0.08115414 0.09245293 0.09456405
 0.09511989 0.09946449 0.149172   0.14953603 0.11591454 0.11736231
 0.0954299  0.10063839]
(0.0339112340056333, 1.0616862096323512)
0.0
Counts: {'i': 140, 'r': 137, 'z': 290, 'g': 131}
Mu: {'i': 2.4268174, 'r': 2.0208573, 'z': 2.631792, 'g': 1.1917499}
Variable??
0.044307407137012256
1.0239775186318751
Non-Variable source in g
Variable??
0.05650328708563524
1.1046742557438247
Non-Variable source in r
Variable??
0.06980126451828754
0.9547168006140502
Non-Variable source in i
Variable??
0.1173457599628659
1.0036840853603737
Non-Variable source in z
Variable:    0/4
Var Bands:   
Slope:       [1, 1, 1, 1]
Slope Error: [0.175106079300309, 0, 0.12340202906752502, 0.06600503701548276]
intercepts:  [0.0068511088087848115, 0, 0.0074879179126389195, 0.0031800657070069544]
Int Error:   [0.009098196384944543, 0, 0.006871353852159861, 0.003685542713970926]
StDev:       [0.120826304, 0.10193707, 0.18310417, 0.15358299]
Not variable, going to next row
('60141', '60142', 'normal')
Running object 60141
[0.0360552  0.03739414 0.02967333 0.02670315 0.03748381 0.03234538
 0.02490633 0.02709725 0.02776716 0.03198966 0.01986527 0.02418852
 0.         0.0243134  0.03757    0.04774735 0.02690389 0.04490379
 0.03261865 0.02441521]
(0.07039081567272482, 1.1266227863751934)
[0.03666661 0.02854815 0.04140713 0.03095194 0.03731251 0.04959333
 0.03511233 0.04055238 0.04196651 0.03456883 0.05176501 0.
 0.04829364 0.02499491 0.0331094  0.03309099 0.03935687 0.04255459
 0.06622607 0.05201307 0.03155157 0.04605296 0.06185934 0.05026483
 0.         0.11230322 0.         0.06191135]
(0.05221471667461246, 1.056666068277515)
[0.08154948 0.04711198 0.06360831 0.08266598 0.04820416 0.05773027
 0.06462116 0.06429097 0.03897153 0.05864422 0.06519733 0.05692538
 0.05051881 0.09981769 0.         0.05670805 0.05302996 0.05586432
 0.05177731 0.08395812 0.0345603  0.05013698 0.08387373 0.
 0.05027007 0.09516378 0.15094675 0.06707876 0.05266323 0.0590556
 0.09424722 0.07246078 0.06483579 0.08625261 0.04809562 0.06626455
 0.05785663 0.077099   0.06156732 0.0710355  0.08473788 0.08239038
 0.07792551 0.06672679 0.04471936 0.06269083 0.05010029 0.05999264
 0.06643262 0.05311093 0.0420802  0.07870056 0.05168308 0.04810368
 0.0706233 ]
(0.04806290106492023, 1.0455954114090282)
[0.08106367 0.08930831 0.12978354 0.15294404 0.06907736 0.08142396
 0.15707657 0.12122907 0.11265929 0.11360855 0.1209104  0.11182249
 0.10512954 0.13061263 0.         0.1155187  0.12909931 0.16444932
 0.06811341 0.22281013 0.         0.09954351 0.08284265 0.12334312
 0.         0.10588904 0.08974685 0.13563235 0.1379472  0.2891643
 0.08817687 0.10297295 0.17789151 0.11784004 0.0838792 ]
(0.0339112340056333, 1.0616862096323512)
0.0
Counts: {'i': 53, 'r': 25, 'z': 32, 'g': 19}
Mu: {'i': 0.3808931, 'r': 0.22439608, 'z': 0.5874237, 'g': 0.17448421}
Variable??
0.02904960033372107
0.8738091846905358
Non-Variable source in g
Variable??
0.03947500605136156
1.0892360018056477
Non-Variable source in r
Variable??
0.05909746325096011
0.6862452999364256
Non-Variable source in i
Variable??
0.10646380334891281
1.3001081827911833
Non-Variable source in z
Variable:    0/4
Var Bands:   
Slope:       [1, 1, 1, 1]
Slope Error: [0.30175220911126194, 0, 0.15854729370640688, 0.3034064257717473]
intercepts:  [-0.034296785812890196, 0, -0.04060089005594389, -0.16921691058701255]
Int Error:   [0.0520204174742711, 0, 0.029899246295972612, 0.049338287701087044]
StDev:       [0.028449683, 0.072005525, 0.06699853, 0.13318041]
Not variable, going to next row
('47662', '47663', 'normal')
Running object 47662
[0.03397922 0.03489659 0.03511515 0.03759166 0.02830516 0.02478652
 0.04940007 0.02301795 0.02743812 0.02541804 0.02943237 0.03722271
 0.05143641 0.03505627 0.04577911 0.03043935 0.03938494 0.02584025
 0.0486598  0.08369429 0.02625273 0.0544234  0.02959413 0.02882277
 0.02910231 0.03543883 0.08365823 0.03945124 0.05121623 0.04059549
 0.04250104 0.03121102 0.04841709 0.04321293 0.05473925 0.03939743
 0.0516104  0.02133446 0.06502747 0.05144938 0.04714518 0.02349096
 0.04182813 0.03738144 0.05531697 0.06709791 0.02539541 0.03387566
 0.05049229 0.05091074 0.04121828 0.         0.03658112 0.06349623
 0.02764621 0.08664325 0.04109084 0.0593312  0.05333653 0.05137012
 0.04669942 0.04693998 0.03659226 0.05088498 0.02917496 0.03602206
 0.03495092 0.03480814 0.04898946 0.02620822 0.03145931 0.03355996
 0.04074512 0.0353726 ]
(0.07039081567272482, 1.1266227863751934)
[0.04738304 0.0569553  0.04576785 0.04466978 0.03795215 0.03370845
 0.06549621 0.03059356 0.         0.03582372 0.039003   0.05070147
 0.09143407 0.03278583 0.         0.03756119 0.05183766 0.04883479
 0.05568502 0.03682212 0.0425284  0.         0.03994517 0.06102989
 0.039577   0.04856155 0.0345677  0.04035505 0.08095715 0.05954647
 0.03343365 0.04107367 0.06802354 0.05380218 0.04068504 0.06394606
 0.05260158 0.05839645 0.05249845 0.02604837 0.0546474  0.05164765
 0.05793337 0.02797114 0.05498851 0.04930544 0.06257563 0.04815769
 0.03614542 0.04155254 0.05981585 0.08651582 0.0505621  0.04432761
 0.07259676 0.062545   0.03316096 0.06359828 0.04682096 0.05170251
 0.06985202 0.05513479 0.05675385 0.04798057 0.0580123  0.03687133
 0.0514313  0.03814941 0.0417985  0.04798925 0.0670682  0.03384117
 0.03717012 0.0586813  0.0399843  0.04569094 0.03552989]
(0.05221471667461246, 1.056666068277515)
[0.06507235 0.05057748 0.09111176 0.09009057 0.05834474 0.04771179
 0.04321514 0.06883213 0.09321861 0.04413887 0.         0.12143822
 0.04819435 0.05887085 0.06898981 0.07699537 0.08213393 0.04741034
 0.07984436 0.05603682 0.06161719 0.05156458 0.07009401 0.06629846
 0.07115593 0.03958193 0.0591536  0.04769129 0.04268856 0.09566327
 0.06370962 0.05219443 0.06970003 0.14111723 0.064558   0.05050494
 0.04760099 0.07006198 0.05070934 0.05541353 0.08592971 0.10442746
 0.08101635 0.0579314  0.09716158 0.11780216 0.05189259 0.09500055
 0.07356408 0.07687568 0.09490023 0.03434373 0.0809356  0.05036013
 0.04158097 0.1037911  0.06747037 0.0673769  0.07858475 0.05459858
 0.04716865 0.05889324 0.0732294  0.10091597 0.07719851 0.
 0.06861348 0.0721001  0.09848011 0.06119515 0.07535257 0.04809463
 0.0904848  0.06123316 0.11977008 0.0558673  0.07061573 0.07400661
 0.09048468 0.07008874 0.05939874 0.0826462  0.08119152 0.07207141
 0.04514883 0.08992571 0.04941501 0.12571672 0.07191997 0.07399284
 0.08476627 0.05664281 0.04296596 0.0948302  0.11385246 0.04996685
 0.06880413 0.1085197  0.05990672 0.0529581 ]
(0.04806290106492023, 1.0455954114090282)
[0.10987275 0.10678573 0.12629068 0.10435824 0.16866659 0.17785871
 0.11274813 0.12271178 0.1469594  0.11890998 0.10574321 0.1002628
 0.08354916 0.13236524 0.08390472 0.09099496 0.12245233 0.08110549
 0.08836832 0.12790933 0.19625509 0.09978776 0.10225483 0.10607627
 0.08684101 0.15011407 0.13013937 0.1152622  0.12712915 0.19104418
 0.06705356 0.06779383 0.1059094  0.06812089 0.06637283 0.09080875
 0.07444289 0.12707411 0.20432137 0.14291446 0.         0.09688919
 0.13314717 0.10246765 0.1032136  0.080965   0.09031272 0.13130678
 0.1476325  0.17115574 0.09270791 0.09847899 0.         0.14974429
 0.11419809 0.10145446 0.14596114 0.06554528 0.06506462 0.15458246
 0.15551738 0.08923282 0.10014351 0.17599314 0.08340091 0.09713873
 0.14009692 0.12440704 0.10621277 0.12252799 0.14749604 0.07880632
 0.11907052 0.08855951 0.12171014 0.11377788 0.10179521 0.10164184
 0.         0.13670084 0.12872787 0.13891208 0.13981342 0.
 0.11778884 0.1100003  0.08811439 0.10855784 0.11339336 0.173769
 0.13157347 0.12653644 0.14036147 0.13634078 0.11581867 0.11359686
 0.07951596 0.1232496  0.10252647 0.         0.11544918 0.10944878
 0.14141881 0.10605285 0.07569889 0.08047941 0.10789656 0.10665997
 0.08137072 0.10323878 0.11554544 0.13326332 0.11567549]
(0.0339112340056333, 1.0616862096323512)
0.0
Counts: {'i': 98, 'r': 74, 'z': 108, 'g': 73}
Mu: {'i': 0.4040419, 'r': 0.28010744, 'z': 0.5610615, 'g': 0.25699}
Variable??
0.03613212893784313
0.866326719941082
Non-Variable source in g
Variable??
0.04470751210655027
1.158508543477167
Non-Variable source in r
Variable??
0.0626339106633338
0.9225399494060863
Non-Variable source in i
Variable??
0.10497851552127824
0.8927024226848551
Non-Variable source in z
Variable:    0/4
Var Bands:   
Slope:       [0.34188686553978886, 1, 1, 0.22353433029287872]
Slope Error: [0.12741958817248114, 0, 0.08164988115323397, 0.11124935242453339]
intercepts:  [-0.0036653708318299394, 0, -0.040933398096818285, -0.00208839396389382]
Int Error:   [0.021821026189477094, 0, 0.016940355333501033, 0.022722057074789893]
StDev:       [0.045137066, 0.05570116, 0.07198895, 0.11502601]
Not variable, going to next row
('9004', '9005', 'normal')
Running object 9004
[0.03806208 0.03982571 0.03903806 0.15916337 0.1070337  0.043014
 0.03476687 0.03284268 0.07689846 0.10710285 0.05022411 0.03056597
 0.11880169 0.13619708 0.17154986 0.04006341 0.05305801 0.09788763
 0.08485538 0.05617469 0.03327074 0.07574607 0.100878   0.03598863
 0.04341387 0.05589074 0.05411339 0.04025356 0.04576191 0.09117359
 0.03643939 0.04050287 0.0746337  0.03363371 0.06617677 0.051542
 0.08116505 0.03429771 0.05541621 0.03627656 0.03541606 0.07443007
 0.07417846 0.16420132 0.06679109 0.03680239 0.04265402 0.10660532
 0.13440423 0.08025268 0.04508185 0.14748056 0.06776752 0.15574956
 0.05103214 0.04520675 0.32063246 0.06537873 0.1715078  0.04483666
 0.03843255 0.04965775 0.13622648 0.046413   0.05307486 0.04478522
 0.05273796 0.10086373 0.03155008 0.06400052 0.08439177 0.06902879
 0.05011477 0.0493887  0.0328272  0.11670987 0.06427541 0.11132641
 0.11533888 0.04378722 0.04362992 0.0556055  0.05890737 0.03887479
 0.11730816 0.05059221 0.05119968 0.04574801 0.0728325  0.04987393
 0.04208658 0.1050393  0.06410181 0.11587195 0.05661168 0.05877031
 0.0536269  0.06013818 0.08676559 0.03431566 0.07197525 0.04363423
 0.13573946 0.05877941 0.05425716 0.05376535 0.04834409 0.04919163
 0.05173172 0.06975579 0.36568955 0.08046189 0.1019026  0.07977971
 0.04265653 0.09841061 0.10547338 0.05350618 0.03661014 0.05732816
 0.04328196 0.1185085  0.04062719 0.04013544 0.04984707 0.13162449
 0.03443664 0.03884177 0.11452863 0.08067698 0.04058946 0.07063318
 0.13899012 0.04664775 0.04227722]
(0.07039081567272482, 1.1266227863751934)
[0.06155416 0.06540082 0.05875975 0.15212934 0.0980166  0.0602832
 0.05529568 0.05337134 0.07817111 0.15947272 0.07661342 0.05091665
 0.11266462 0.10963554 0.1371103  0.05741997 0.06582105 0.09628299
 0.08002331 0.05163461 0.07972621 0.09529969 0.05641401 0.06333677
 0.06656339 0.06336398 0.06266836 0.06459139 0.08490185 0.05587298
 0.06051462 0.07137959 0.05656196 0.08582401 0.07279259 0.07485129
 0.05759555 0.06338432 0.08311234 0.1963884  0.05529677 0.05563888
 0.0833552  0.07615118 0.12913178 0.06908648 0.0551833  0.06001349
 0.10030414 0.11715317 0.09357102 0.27945903 0.08737405 0.1318579
 0.07611924 0.06701394 0.08604533 0.3144329  0.2637598  0.3493398
 0.09786675 0.2698849  0.07117483 0.05917498 0.07307462 0.11414827
 0.0678392  0.06979375 0.06646865 0.09325884 0.05031945 0.1159137
 0.09090985 0.06808698 0.06626024 0.07004183 0.05141432 0.10264531
 0.08114337 0.10198548 0.11882259 0.06796104 0.06584728 0.07209209
 0.1468114  0.06658188 0.05348404 0.05961482 0.10500752 0.0892785
 0.08837935 0.0727235  0.0972937  0.06522401 0.09902072 0.06232146
 0.0956998  0.09150167 0.11332312 0.06864517 0.07931761 0.07422923
 0.06841302 0.07878166 0.05351638 0.07490571 0.06142519 0.11563654
 0.06596822 0.07163017 0.07013403 0.07141683 0.06773002 0.11766845
 0.08493049 0.7992435  0.14310941 0.15564997 0.11457009 0.10544235
 0.08896048 0.06333931 1.0311316  0.16106616 0.10086297 0.09259031
 0.06995264 0.05787898 0.06654519 0.05782973 0.12509023 0.05928058
 0.06224122 0.07200018 0.11341205 0.05432689 0.05638146 0.09488326
 0.07261179 0.05862406 0.06981072 0.11730435 0.06727035]
(0.05221471667461246, 1.056666068277515)
[0.08540876 0.0825265  0.0748112  0.10269742 0.1007192  0.08154063
 0.07400192 0.07206583 0.08853614 0.5305961  0.10756307 0.07086603
 0.12954304 0.1054779  0.10727084 0.08001553 0.08618699 0.09472211
 0.09861256 0.16933264 0.07333291 0.09416349 0.10163574 0.08084474
 0.08693048 0.08541197 0.07653313 0.09147513 0.08661053 0.09071411
 0.07045607 0.08274347 0.07517533 0.0710956  0.10491038 0.10950534
 0.17903769 0.08760546 0.07821402 0.08690938 0.14966832 0.08534804
 0.18715638 0.07839708 0.07362117 0.0883324  0.12157469 0.09531662
 0.07879254 0.08127295 0.09542783 0.13715842 0.11518712 0.44937983
 0.10597103 0.10727198 0.09868158 0.08125778 0.10560144 0.49360391
 0.18847367 0.24507262 0.22342409 0.12042013 0.07841188 0.09507284
 0.15032743 0.10784932 0.09489687 0.09292087 0.0989975  0.10102966
 0.09784751 0.06774013 0.09845315 0.07856584 0.09434465 0.10668916
 0.07294824 0.1045613  0.11839876 0.11208607 0.15525155 0.08875336
 0.08739749 0.09517027 0.12482528 0.07722077 0.07281388 0.08469377
 0.08949126 0.         0.12686586 0.15240285 0.13861692 0.11463609
 0.1235159  0.0917531  0.10070737 0.09040028 0.12252399 0.09308543
 0.1415617  0.10558125 0.08882964 0.08954417 0.076075   0.10557765
 0.08465917 0.12640728 0.08527841 0.09066364 0.08638308 0.10546218
 0.09169726 0.18398492 0.13301684 0.7600028  0.15774062 0.09957494
 0.10207362 0.11496186 0.08483839 0.59919167 0.15219101 0.09843265
 0.09365138 0.09001194 0.07404216 0.08699853 0.07819483 0.10981432
 0.08596755 0.08657243 0.10751788 0.102925   0.08008127 0.07102364
 0.09519764 0.07835685 0.0764983  0.08759209 0.1200958  0.08768637
 0.07898953]
(0.04806290106492023, 1.0455954114090282)
[0.15600137 0.1307211  0.13852972 0.12562764 0.12584682 0.11520233
 0.12025297 0.19134273 0.17622992 0.14958729 0.16452524 0.12715386
 0.13698925 0.12956199 0.14499281 0.1047835  0.10915148 0.10367335
 0.10265248 0.1445575  0.15172319 1.4041611  0.17841376 0.18051313
 0.1063985  0.1087393  0.21185052 0.24032496 0.1346637  0.13276207
 0.13984908 0.107912   0.1052176  0.13640298 0.13869117 0.13406837
 0.12724236 0.12059271 0.1184707  0.14372104 0.1476693  0.17490317
 0.1419896  0.11082624 0.10939791 0.14329068 0.16068451 0.15236174
 0.15580234 0.12131256 0.12864019 0.13861845 0.13333742 0.14123604
 0.13047832 0.1290089  0.11615585 0.15097122 0.16197492 0.13429826
 0.13775347 0.12767458 0.13238232 0.0970705  0.09731537 0.12612586
 0.12284683 0.09752519 0.09690511 0.10264256 0.10173647 0.14721334
 0.14470685 0.18780603 0.16164145 0.22320615 0.22502233 0.12781757
 0.1292183  0.11439893 0.11613028 0.13732985 0.14565565 0.2376995
 0.23516384 0.1193464  0.1195716  0.26268017 0.2824645  0.11530298
 0.10969217 0.1110566  0.10739892 0.18384092 0.15988132 0.13734978
 0.13478452 0.15497902 0.15158337 0.15491056 0.15450948 0.11577205
 0.12241841 0.12558931 0.12691638 0.12584321 0.17637785 0.16939595
 0.19014864 0.21069784 0.29269075 0.26621133 0.20657493 0.22896579
 0.130996   0.12552786 0.17633197 0.15077737 0.12154955 0.12502909
 0.17264032 0.1903162  0.36514917 0.27048728 0.24726294 0.22671376
 0.2380368  0.2644201  0.3132626  0.1806527  0.24725841 0.1408779
 0.12515889 0.15744695 0.16380736 0.2385481  0.19451162 0.14763796
 0.14189796 0.15694962 0.17041259 0.15512554 0.14854643 0.16242506
 0.17660853 0.16901363 0.1693514  0.13530737 0.13381895 0.09635712
 0.09839148 1.0185627  0.14317559 0.15060766 0.11780344 0.11336587
 0.15870202 0.17081732 0.18803377 0.18194918 0.11133253 0.11328288
 0.14346896 0.13682623 0.22178371 0.21407212 0.16395596 0.14440675
 0.17596285 0.26596287 0.1356182  0.12441696 0.13031594 0.1310077
 0.14770918 0.15994588 0.1615362  0.15748832 0.10399061 0.10334938
 0.10794612 0.11044458 0.13952702 0.13284716 0.11660014 0.11743946
 0.39822945 0.20147471 0.18126535 0.2214542  0.2109397  0.19861665
 0.18169446 0.18727382 0.17826301 0.18361773 0.17840646 0.15435873
 0.16529733 0.13962363 0.13757487 0.14856468 0.1405903  0.20702603
 0.20246714 0.30893213 0.2713014  0.14160137 0.13871032 0.22862579
 0.21491478 0.17859532 0.1853939  0.14497992 0.14168431 0.12654823
 0.12842713 0.11556444 0.10356596 0.15652996 0.16800827 0.12676135
 0.12515059 0.17325509 0.16558993 0.12757067 0.12693776 0.14221396
 0.14313835 0.14200744 0.1306109  0.1887105  0.16593431 0.2664996
 0.19649856 0.14358367 0.139832   0.26843008 0.24344847 0.24500167
 0.2553302  0.57648927 0.8582626  0.26124644 0.29143295 0.15706946
 0.12750426 0.16335697 0.15331586 0.12941127 0.12684874 0.75608695
 1.3082753  0.20083973 0.21410318 0.12682539 0.12319883 0.13105741
 0.12552616 0.14565909 0.14205408 0.11042661 0.12882555 0.1224222
 0.12116575 0.12078537 0.16659734 0.20497766 0.1380145  0.13296688
 0.13222492 0.12325792 0.17873998 0.18830395 0.13117003 0.13329099
 0.11843111 0.12188753 0.10340697 0.10259507 0.1260242  0.12422146
 0.10666085 0.10801251 0.11807341 0.11853506 0.11756326 0.1220895
 0.16689777 0.16578981 0.14467953]
(0.0339112340056333, 1.0616862096323512)
0.0
Counts: {'i': 144, 'r': 143, 'z': 291, 'g': 135}
Mu: {'i': 17.471064, 'r': 9.093507, 'z': 23.616493, 'g': 2.6863036}
Variable??
0.05275375688419544
0.9068432088338286
Non-Variable source in g
Variable??
0.0748582075426582
1.2757465764343165
Non-Variable source in r
Variable??
0.09542249143123627
1.0276911201528192
Non-Variable source in i
Variable??
0.14315664680765477
1.1959906085420466
Non-Variable source in z
Variable:    0/4
Var Bands:   
Slope:       [1, 1, 1, 1]
Slope Error: [0.2026814087149733, 0, 0.04857677740098253, 0.04736152397299448]
intercepts:  [0.0035685221067127022, 0, 0.0004144720108044882, -0.0006745290984638484]
Int Error:   [0.003180757457574075, 0, 0.0007716620366266288, 0.000677107253230357]
StDev:       [0.09512652, 0.17243715, 0.15773739, 0.26327166]
Not variable, going to next row
('3347', '3348', 'normal')
Running object 3347
[0.03462819 0.03622237 0.03498972 0.04062339 0.02905817 0.02662148
 0.04879757 0.0238     0.13637951 0.03602465 0.05536966 0.02734696
 0.11068998 0.03098357 0.04008794 0.05710339 0.05662944 0.03631664
 0.04537681 0.03136782 0.03607438 0.0277653  0.06414956 0.05127816
 0.09398068 0.02730073 0.05458619 0.10918677 0.03006765 0.03045126
 0.07919856 0.07075103 0.0303752  0.03860319 0.12661105 0.04175378
 0.06697111 0.050962   0.04252129 0.0697719  0.04373334 0.03329672
 0.04777885 0.04433409 0.03994708 0.05261828 0.02334627 0.07432956
 0.08380671 0.05091479 0.04760563 0.02533939 0.06895607 0.04143101
 0.04049107 0.0555836  0.05794724 0.026917   0.03342101 0.0507967
 0.04247505 0.08636441 0.04828765 0.03785643 0.06784938 0.06163236
 0.05372237 0.06243011 0.02805307 0.04143718 0.0590045  0.05456767
 0.05179065 0.04628714 0.04768573 0.04982374 0.08697908 0.03891204
 0.05348717 0.03141235 0.05964741 0.04006851 0.03722425 0.03588561
 0.0491262  0.         0.02804178 0.03471101 0.09076694 0.03594368
 0.07576878 0.04217798 0.03793501]
(0.07039081567272482, 1.1266227863751934)
[0.04798251 0.05334402 0.04411639 0.15211576 0.0920506  0.04646046
 0.03938133 0.06790651 0.06749832 0.03256391 0.11155125 0.10624083
 0.14613697 0.03727029 0.04156772 0.05407193 0.09043615 0.07270192
 0.09194262 0.03439358 0.07020388 0.09093793 0.04036865 0.04958307
 0.05299631 0.04941917 0.04950325 0.05167805 0.07752252 0.03944147
 0.04491863 0.05935046 0.04088514 0.07153485 0.06073157 0.0642233
 0.04047911 0.04897389 0.07474939 0.0380008  0.03974791 0.0764899
 0.06576937 0.14377066 0.05651153 0.03695211 0.04387261 0.09546148
 0.11348151 0.08777268 0.07730382 0.06700718 0.05365134 0.07726765
 0.3101184  0.09169038 0.05879847 0.04325968 0.06166924 0.10965341
 0.05505387 0.05751318 0.05105717 0.06738382 0.08650628 0.02933495
 0.1021807  0.08287872 0.05460183 0.05291674 0.05731548 0.03084161
 0.09846724 0.06926464 0.09692813 0.11275012 0.05527066 0.05208812
 0.05966479 0.05385256 0.03630044 0.04357285 0.10120838 0.08204692
 0.08248523 0.09336364 0.05079091 0.09278669 0.04643126 0.09193307
 0.08735714 0.11665726 0.05529692 0.06942491 0.06315885 0.05503751
 0.06921214 0.03495339 0.06444968 0.046901   0.05167122 0.05822729
 0.05501121 0.0590935  0.05440105 0.07731021 0.         0.11617456
 0.10202688 0.08431553 0.04870957 0.09582461 0.08648074 0.05744191
 0.04087261 0.05265125 0.04127686 0.12766048 0.04289829 0.04709647
 0.06081361 0.13495766 0.03638539 0.03930211 0.09471311 0.06015581
 0.04111439 0.05753585 0.03920123]
(0.05221471667461246, 1.056666068277515)
[0.06853104 0.05287234 0.08721323 0.05113726 0.04742892 0.07081213
 0.0461975  0.09452867 0.05098648 0.06835081 0.07811064 0.08420119
 0.15749872 0.04969235 0.07740109 0.08526374 0.0595181  0.06779966
 0.06596643 0.05406341 0.07332755 0.06803133 0.0734742  0.04441995
 0.0622649  0.05191004 0.04671765 0.08501419 0.09255167 0.06852038
 0.05538934 0.06813486 0.15028624 0.06670994 0.05660198 0.05088172
 0.10456985 0.07026796 0.07832376 0.0562619  0.05972712 0.07846975
 0.12998554 0.10273165 0.09268723 0.09387608 0.08314309 0.0603369
 0.09352587 0.5562738  0.24155296 0.10427459 0.05538345 0.07896785
 0.16067623 0.09391163 0.07808223 0.07624204 0.08096705 0.08557255
 0.08079523 0.03861473 0.09010337 0.08282937 0.05563305 0.07806899
 0.09415154 0.04675953 0.09080503 0.10020555 0.14236662 0.0691262
 0.07877132 0.1165585  0.0551517  0.05000737 0.0644374  0.12207673
 0.13524379 0.1167708  0.07384375 0.08577128 0.07086737 0.11195965
 0.07513768 0.09189579 0.0693482  0.07223943 0.05202236 0.09214317
 0.06554803 0.11777266 0.06420647 0.07105528 0.06457348 0.09119488
 0.07343775 0.12918562 0.08519293 0.08731013 0.09728586 0.06425413
 0.15054218 0.08269278 0.07714961 0.07245565 0.04903441 0.06830511
 0.05490006 0.0956735  0.06611928 0.06771107 0.09078594 0.05819268
 0.04489421 0.07821573 0.05549072 0.05203976 0.06908052 0.10869556
 0.05513028]
(0.04806290106492023, 1.0455954114090282)
[0.14429258 0.11453176 0.12316518 0.106686   0.10870267 0.09523579
 0.10073265 0.17455931 0.18731634 0.13691054 0.1581642  0.12281881
 0.1129927  0.13201413 0.07989275 0.0864401  0.07845061 0.07809509
 0.12877509 0.13749161 0.1867878  0.08260167 0.0849397  0.21033736
 0.11544953 0.11765585 0.08034554 0.08434201 0.12165254 0.11763355
 0.09633262 0.10032929 0.13078322 0.13455963 0.17493533 0.12619318
 0.0861738  0.08597398 0.12522814 0.14702405 0.13555907 0.14622767
 0.09965798 0.10777066 0.11604138 0.12262113 0.10956664 0.12726049
 0.095168   0.13875619 0.15169308 0.1191637  0.11927098 0.11462057
 0.11301366 0.07018139 0.07043618 0.10642658 0.07034653 0.07079418
 0.07598983 0.07806438 0.12921341 0.12569271 0.17599979 0.23000966
 0.24713212 0.10950286 0.112226   0.09130507 0.09302802 0.12417273
 0.13126971 0.24114521 0.24343777 0.09343989 0.08540939 0.09057897
 0.08423024 0.14706786 0.12144472 0.13816762 0.13738845 0.14742458
 0.14762129 0.09988181 0.09351587 0.10409924 0.10490495 0.10676116
 0.10961498 0.16649167 0.17337443 0.19055256 0.21855716 0.4156262
 0.21233854 0.23450667 0.10775182 0.17133154 0.14079608 0.102162
 0.10725643 0.30690178 0.318281   0.24030787 0.33182824 0.171397
 0.26693225 0.10327605 0.11979385 0.14557385 0.15415366 0.19309652
 0.13113178 0.12644556 0.14360787 0.1336765  0.15831648 0.16940235
 0.15712607 0.15863967 0.11682965 0.06609829 0.06931969 0.12712088
 0.1353734  0.09534772 0.08967585 0.14659682 0.1642217  0.18630004
 0.17554992 0.08998615 0.08622853 0.12662439 0.1196401  0.15647106
 0.13229953 0.16262677 0.27680358 0.12303707 0.10808063 0.11343499
 0.11464673 0.15134266 0.134532   0.1457934  0.15299058 0.08019627
 0.07948399 0.08602824 0.12302748 0.09549515 0.09679395 0.20242791
 0.17453331 0.22962134 0.21727839 0.19481415 0.17665197 0.20806068
 0.16937773 0.18468332 0.17124547 0.14015424 0.15677975 0.12386096
 0.12227394 0.13368304 0.1338499  0.22133698 0.20331031 0.29130262
 0.12646173 0.12166429 0.23783283 0.21598873 0.20765637 0.20696646
 0.12675321 0.13162713 0.1064976  0.11123949 0.09340301 0.07771053
 0.15981822 0.14702484 0.10880908 0.10651071 0.18288206 0.10567037
 0.10502615 0.12355867 0.12533891 0.12151651 0.10704567 0.18555208
 0.15647486 0.19319448 0.1273492  0.12284099 0.24805386 0.25183675
 0.11002552 0.15108661 0.14077511 0.15349908 0.11095738 0.10838152
 0.21107826 0.22413106 0.10923975 0.10211415 0.11514501 0.10769625
 0.13440911 0.12721154 0.08906476 0.0839275  0.11868253 0.10254746
 0.10102996 0.09996048 0.15298128 0.20246607 0.12115879 0.11349513
 0.10520735 0.11441099 0.1691692  0.18530427 0.11746781 0.11390644
 0.10181366 0.09775849 0.07731833 0.07671685 0.10225633 0.10429792
 0.08123502 0.08244172 0.09560426 0.09406827 0.09668546 0.15652779
 0.155133   0.12109668 0.09745631]
(0.0339112340056333, 1.0616862096323512)
0.0
Counts: {'i': 121, 'r': 128, 'z': 249, 'g': 92}
Mu: {'i': 0.91707253, 'r': 0.7583494, 'z': 1.0712092, 'g': 0.36292607}
Variable??
0.040965141292983245
0.9779893175395935
Non-Variable source in g
Variable??
0.05531759115657863
2.1413239973416163
Non-Variable source in r
Variable??
0.06965496856719255
1.9084761504467374
Non-Variable source in i
Variable??
0.1174606773550162
1.5824607605530001
Non-Variable source in z
Variable:    0/4
Var Bands:   
Slope:       [1, 1, 0.4175743640096692, 0.4176108827316014]
Slope Error: [0.19157004462526755, 0, 0.07995837581259728, 0.06647808223365023]
intercepts:  [0.021650431716766727, 0, -0.0035421400877191367, 0.015152450001522641]
Int Error:   [0.021030281844841108, 0, 0.010026567619557834, 0.011097794750760583]
StDev:       [0.06806562, 0.12116523, 0.17654918, 0.19200651]
Not variable, going to next row
('64167', '64168', 'normal')
Running object 64167
[0.03051459 0.03166939 0.03166982 0.0348303  0.02528271 0.02310385
 0.07528609 0.04557397 0.01986868 0.02640164 0.03577098 0.05066429
 0.05061327 0.023325   0.02687322 0.0365912  0.06473131 0.04797396
 0.03304337 0.0395567  0.02864692 0.03378646 0.06907065 0.02462977
 0.06039398 0.02718646 0.02854957 0.03588778 0.03822981 0.04708225
 0.04094893 0.06403937 0.03907308 0.03037386 0.04442878 0.04549519
 0.02119815 0.05714319 0.04563454 0.0237396  0.06505483 0.0400682
 0.03717791 0.02511253 0.03191217 0.04767048 0.04964675 0.03944717
 0.04461744 0.03558212 0.05459168 0.06196763 0.02600225 0.04050649
 0.05498704 0.0514197  0.05012035 0.0429535  0.04614732 0.06845035
 0.03559372 0.12794589 0.05100116 0.0281007  0.03741408 0.03396345
 0.03313961 0.04795429 0.02545976 0.03238012 0.07336605 0.03554163]
(0.07039081567272482, 1.1266227863751934)
[0.04472201 0.05205277 0.04079035 0.04354744 0.03514053 0.03206946
 0.06902596 0.02929101 0.03295232 0.03910113 0.05190546 0.031234
 0.08318856 0.03589466 0.04460255 0.05220018 0.04535025 0.04799493
 0.04286012 0.0560446  0.03689913 0.04115534 0.03743702 0.03956208
 0.06639416 0.0410426  0.06546359 0.04359773 0.05898397 0.05937207
 0.05728246 0.02666353 0.05310278 0.05694716 0.02872843 0.059967
 0.06959684 0.04199871 0.0795435  0.06024953 0.04438489 0.05627192
 0.03245178 0.04464605 0.05172646 0.0442459  0.03949842 0.05374917
 0.03952291 0.0401551  0.06233541 0.0916162  0.0375386  0.04845395]
(0.05221471667461246, 1.056666068277515)
[0.07723832 0.04812907 0.04360943 0.08457778 0.07552925 0.04219323
 0.05414875 0.05302747 0.0699799  0.05546684 0.05428828 0.0776677
 0.05578617 0.05317421 0.05088165 0.06756377 0.06259681 0.05508124
 0.05538773]
(0.04806290106492023, 1.0455954114090282)
[0.         0.1311993  0.07921011 0.09544632 0.08432965]
(0.0339112340056333, 1.0616862096323512)
0.0
Counts: {'i': 19, 'r': 54, 'z': 4, 'g': 72}
Mu: {'i': 0.34462824, 'r': 0.29388273, 'z': 0.4405452, 'g': 0.26461872}
Variable??
0.035343732080665276
2.2488793972525425
Non-Variable source in g
Variable??
0.04351510200670219
1.5558110909855232
Non-Variable source in r
Variable??
0.05663274020052943
1.3538791533625794
Non-Variable source in i
Variable??
0.09246350824832916
1.6073123885015885
Non-Variable source in z
Variable:    0/4
Var Bands:   
Slope:       [1, 1, 1, 1]
Slope Error: [0.18720580340567355, 0, 0.31046987246084706, 0.0]
intercepts:  [-0.03815092215838911, 0, 0.0508377927198449, 0]
Int Error:   [0.04181117368545063, 0, 0.05297074565507408, 0.0]
StDev:       [0.07452663, 0.060503148, 0.069324315, 0.13278149]
Not variable, going to next row
('72126', '72127', 'normal')
Running object 72126
[0.03108373 0.032749   0.03262623 0.03625119 0.02647357 0.02386591
 0.04789121 0.02130223 0.13248868 0.03363295 0.05149506 0.1697345
 0.05387421 0.02454729 0.02791614 0.03729645 0.05426465 0.
 0.03502562 0.04080568 0.02855967 0.03241403 0.0724871  0.0251448
 0.04795958 0.02635355 0.04973171 0.10017596 0.02852902 0.02757343
 0.07470603 0.07347402 0.02822235 0.0355126  0.03865308 0.06639667
 0.17276923 0.04874821 0.0396318  0.04083839 0.03035342 0.04460897
 0.04115642 0.05080957 0.04010511 0.04853155 0.02123727 0.04616333
 0.04557263 0.02375576 0.06380466 0.11478508 0.03824459 0.03726855
 0.057601   0.05649205 0.02488021 0.03223801 0.04780103 0.04752509
 0.03872886 0.04695097 0.12328108 0.03582863 0.06445528 0.05985929
 0.05436005 0.05903377 0.02601419 0.09335665 0.03908057 0.0657956
 0.05285973 0.04685306 0.04554999 0.04437388 0.04660968 0.07112186
 0.03595004 0.04894003 0.02904927 0.03760541 0.03411377 0.03349006
 0.02598466 0.0318513  0.03319382 0.03926445 0.03564953]
(0.07039081567272482, 1.1266227863751934)
[0.04477666 0.04974634 0.04096167 0.10515124 0.04414454 0.03615371
 0.03204652 0.06574683 0.06638553 0.02924118 0.11122246 0.0385084
 0.05080662 0.11521993 0.07075164 0.031921   0.06670293 0.03696604
 0.04579796 0.05050923 0.04461479 0.04836934 0.04814762 0.08139561
 0.03516511 0.04107646 0.05751719 0.0369963  0.06919458 0.06104493
 0.06546836 0.03887381 0.04623424 0.07549419 0.03494618 0.03749913
 0.06427608 0.0523066  0.03503022 0.0408122  0.08625682 0.0655084
 0.05005198 0.09331138 0.05788599 0.04055663 0.06129181 0.11207587
 0.05265374 0.05602451 0.04867713 0.06880737 0.08616973 0.02679938
 0.09280708 0.05260139 0.04976272 0.05347353 0.02898446 0.11200435
 0.06836443 0.09948024 0.11034074 0.05251915 0.04884257 0.06375691
 0.05084344 0.03307875 0.04140012 0.08146256 0.07862402 0.05625138
 0.04763648 0.09102968 0.04431808 0.05422508 0.07293951 0.06430896
 0.05257843 0.06487997 0.03197345 0.04424288 0.04856834 0.05925628
 0.05211962 0.05917389 0.05199658 0.07615874 0.0450614  0.09544567
 0.08595406 0.05499069 0.03751137 0.054332   0.0391489  0.
 0.04057373 0.04501147 0.06110146 0.03345508 0.03690805 0.05806102
 0.0559364  0.0465579  0.03712621]
(0.05221471667461246, 1.056666068277515)
[0.06631825 0.05827015 0.04867417 0.08805851 0.08889613 0.05831801
 0.04746617 0.04294247 0.06704605 0.09125619 0.04281984 0.08903497
 0.09069594 0.048537   0.0564581  0.06791165 0.07523348 0.08060211
 0.04664484 0.07168268 0.08234984 0.05601047 0.06431204 0.06079065
 0.04997029 0.06882922 0.06437448 0.06973589 0.03971494 0.05912872
 0.04744019 0.04321239 0.08614346 0.08787493 0.06594747 0.05333459
 0.06411148 0.06299471 0.05156429 0.047907   0.06913932 0.10271143
 0.13344397 0.05348496 0.05455665 0.08643385 0.13629772 0.09296082
 0.09803367 0.07872822 0.05549236 0.09030736 0.18749067 0.05116021
 0.0752551  0.09183433 0.07489897 0.08255573 0.0804712  0.08499199
 0.07622902 0.03610395 0.09549103 0.07979783 0.05121174 0.07521282
 0.09089048 0.0427369  0.09288428 0.10532806 0.06794478 0.06433925
 0.0826799  0.11693708 0.05209691 0.04661847 0.05936659 0.07544234
 0.12032399 0.14265105 0.13116473 0.10294442 0.0821624  0.08316203
 0.07143193 0.07191375 0.09689923 0.06611621 0.0659115  0.04975722
 0.08782333 0.06172639 0.05837924 0.06995899 0.05997001 0.08892459
 0.07110328 0.08214638 0.06103888 0.0781908  0.0766819  0.0736503
 0.04520295 0.06444815 0.05141146 0.         0.06297041 0.06212527
 0.09255515 0.08570945 0.05448534 0.04266221 0.08300453 0.05298668
 0.04944086 0.06513264 0.05949392 0.05226744]
(0.04806290106492023, 1.0455954114090282)
[0.11488825 0.13034886 0.11469588 0.10691914 0.09532392 0.10157382
 0.14449707 0.16432892 0.1238583  0.12144757 0.1150502  0.15192845
 0.08238394 0.08600027 0.07605927 0.07655551 0.12851542 0.14184314
 0.08280183 0.08729397 0.11300368 0.11449542 0.12801725 0.08296324
 0.08433421 0.12103299 0.1378937  0.12658624 0.10915713 0.09760992
 0.10014863 0.13032405 0.14619601 0.13631293 0.08934206 0.09165546
 0.12952581 0.1340108  0.15811767 0.12222241 0.10131917 0.11871883
 0.14540693 0.12062848 0.09477381 0.11363548 0.1565044  0.12706201
 0.12576187 0.12433402 0.1107887  0.06891208 0.06801768 0.10697887
 0.10925931 0.06888068 0.06799788 0.076063   0.07763769 0.15425532
 0.11748489 0.11210812 0.09451916 0.11217847 0.12560768 0.11092711
 0.10705421 0.09262238 0.08456924 0.09150031 0.08451299 0.17715727
 0.19503444 0.13570598 0.20054547 0.14606492 0.09710872 0.10415317
 0.         0.10718625 0.11003204 0.11213948 0.16524579 0.20908089
 0.40652376 0.24355686 0.11267189 0.10749822 0.15231155 0.10364434
 0.18699431 0.1573586  0.10586906 0.24500267 0.14469847 0.17565042
 0.1738329  0.19158942 0.14811969 0.12183291 0.06906036 0.06622699
 0.14452346 0.08757836 0.09541751 0.17271201 0.18062747 0.2627888
 0.08976127 0.08550867 0.13590844 0.12229825 0.22075973 0.16997005
 0.1808888  0.13187058 0.12266833 0.11618378 0.11512041 0.14296924
 0.08094212 0.0803074  0.09275839 0.09020958 0.14752653 0.09998217
 0.09709595 0.23405442 0.19277573 0.17062658 0.         0.15992539
 0.13275267 0.12268268 0.12955956 0.20582657 0.14314048 0.12562256
 0.18688048 0.1085537  0.09406555 0.07915279 0.15322752 0.15946695
 0.11841282 0.10876145 0.16160443 0.10790515 0.10341967 0.14339127
 0.13788736 0.12083022 0.18157767 0.13083407 0.13835078 0.3091289
 0.11291921 0.14790754 0.11287966 0.11060828 0.2322802  0.12592715
 0.10207159 0.11557738 0.11002115 0.14041759 0.14663774 0.08583714
 0.08638096 0.1185042  0.11318116 0.1014818  0.10446825 0.20559898
 0.13272816 0.11986035 0.10864895 0.11420162 0.11599464 0.10172743
 0.10120093 0.07910269 0.07799295 0.1055602  0.10914345 0.08390145
 0.08845355 0.0970116  0.09621169 0.10162764 0.1649663  0.1630688
 0.12184276 0.09721084 0.11299877]
(0.0339112340056333, 1.0616862096323512)
0.0
Counts: {'i': 117, 'r': 104, 'z': 193, 'g': 88}
Mu: {'i': 0.5047238, 'r': 0.37433994, 'z': 0.72916883, 'g': 0.31933188}
Variable??
0.037517391354629094
1.3471603138548205
Non-Variable source in g
Variable??
0.04860444729239362
1.2198778121377054
Non-Variable source in r
Variable??
0.06403068103217331
1.1640876267127205
Non-Variable source in i
Variable??
0.11164859056881761
1.0879547455640655
Non-Variable source in z
Variable:    0/4
Var Bands:   
Slope:       [1.1363717534649131, 1, 1, 0.18151338633570313]
Slope Error: [0.18330055404189008, 0, 0.07063801726826494, 0.08738961553376681]
intercepts:  [0.07367603643956522, 0, 0.007276722146045805, 0.016298447795026764]
Int Error:   [0.027519963982917343, 0, 0.013373811916219676, 0.015383681128837009]
StDev:       [0.09704404, 0.070237756, 0.09434294, 0.17565118]
Not variable, going to next row
('74440', '74441', 'normal')
Running object 74440
[0.02810241 0.02993192 0.03005294 0.03333504 0.02382824 0.02135244
 0.09838875 0.04489127 0.01897763 0.03097613 0.04879547 0.0919036
 0.07748143 0.0484912  0.02174215 0.02541684 0.03717456 0.0456838
 0.04669208 0.03088518 0.0837201  0.02556132 0.0313526  0.02253768
 0.04219752 0.02424346 0.09142404 0.02626892 0.02520035 0.06890213
 0.07342423 0.02592128 0.03258314 0.03577113 0.07097847 0.0437871
 0.03649069 0.06079501 0.03624081 0.02778731 0.04167866 0.03981157
 0.04895237 0.03619296 0.0463979  0.01918305 0.05679577 0.04245693
 0.04239811 0.02156297 0.0587934  0.03638545 0.03393544 0.0463937
 0.02264416 0.02971826 0.0440287  0.04442696 0.0365755  0.18138391
 0.03285085 0.05499563 0.04853855 0.05587734 0.02379336 0.03482647
 0.05999853 0.04842773 0.04496413 0.03997495 0.04081816 0.04280821
 0.06553377 0.07724838 0.09688331 0.03405678 0.09859232 0.04597424
 0.02624401 0.04922393 0.0339471  0.03124049 0.03041847 0.04391588
 0.12661214 0.02354934 0.02893212 0.02999194 0.04269632 0.03895079]
(0.07039081567272482, 1.1266227863751934)
[0.04367825 0.04854936 0.03995131 0.04226386 0.03500057 0.03150475
 0.06269339 0.0636987  0.02790419 0.10842107 0.14113452 0.03734848
 0.04771161 0.06946387 0.08911628 0.03069691 0.06333814 0.08569434
 0.03542108 0.04359253 0.0544533  0.04351436 0.04445221 0.04803419
 0.06944549 0.03440766 0.03978252 0.0612551  0.03530456 0.05695449
 0.06728554 0.03827762 0.04501754 0.06950268 0.03482992 0.03617966
 0.06151396 0.05177616 0.03501716 0.03897136 0.08242866 0.0726041
 0.06384748 0.0480337  0.07883352 0.05394704 0.03966564 0.0581376
 0.10926462 0.05095638 0.05393038 0.04797855 0.0660155  0.0836052
 0.02577802 0.         0.05039342 0.04903278 0.0528874  0.02763039
 0.06623214 0.05242886 0.04679092 0.05604275 0.14664647 0.04930542
 0.03262694 0.04010415 0.09832222 0.0833084  0.07909365 0.0553398
 0.04652566 0.0865109  0.04350599 0.08531744 0.08152826 0.05107616
 0.06814086 0.05883653 0.05280467 0.06312913 0.03169658 0.05792319
 0.04300239 0.04644708 0.05533245 0.05075624 0.05653339 0.05001111
 0.10517725 0.0754073  0.08073282 0.04320074 0.09189261 0.08537453
 0.05754557 0.03661412 0.04938037 0.03760144 0.11437228 0.03955955
 0.04333907 0.0575283  0.0319708  0.03614172 0.06125828 0.03646193
 0.05353744 0.04517998 0.0354311 ]
(0.05221471667461246, 1.056666068277515)
[0.06225893 0.056943   0.04843453 0.08403439 0.0808389  0.05560354
 0.0460522  0.04242194 0.0641168  0.08786023 0.04166678 0.1157112
 0.08204097 0.08654165 0.05513223 0.06252073 0.07141051 0.07730608
 0.14463434 0.04540969 0.06924275 0.07610772 0.05484067 0.06221517
 0.05810012 0.04963284 0.06706098 0.06354988 0.06768299 0.03952117
 0.05744556 0.04689592 0.04282581 0.08628876 0.06242155 0.05227099
 0.06267335 0.14236246 0.06146796 0.18179601 0.05043579 0.04659586
 0.09730319 0.0657894  0.10206818 0.07078569 0.05202699 0.0534467
 0.0733372  0.11809929 0.09511003 0.08390868 0.08571776 0.07758939
 0.05475855 0.0860975  0.21136653 0.09593126 0.04988891 0.07260232
 0.08623702 0.07201749 0.0710196  0.07681949 0.08003683 0.074332
 0.03526927 0.09102774 0.07458591 0.04981796 0.07189588 0.08571689
 0.04250749 0.08309497 0.09679125 0.09320171 0.14225298 0.06598089
 0.07282927 0.05059773 0.04559054 0.05834626 0.06618917 0.11210003
 0.138791   0.12616104 0.0938023  0.10744735 0.06796787 0.07647306
 0.06639934 0.10785308 0.06825826 0.12871867 0.08666883 0.06341198
 0.06467719 0.04874175 0.08431037 0.05988587 0.11523887 0.05663978
 0.0660477  0.0593436  0.08466434 0.06838103 0.1657894  0.11788746
 0.14257488 0.07828476 0.08183137 0.09327861 0.05939671 0.14606917
 0.07403794 0.0732548  0.06541739 0.04397248 0.06252011 0.04984079
 0.08714222 0.06077721 0.08806106 0.08289226 0.05291915 0.04135706
 0.07199454 0.05071743 0.04747506 0.06321801 0.09996618 0.05830146
 0.05146194]
(0.04806290106492023, 1.0455954114090282)
[0.14123632 0.11014811 0.11575475 0.09991188 0.09963325 0.09199685
 0.0970557  0.16712494 0.17875499 0.13583301 0.14816827 0.10868597
 0.1162934  0.10813378 0.12732506 0.07701005 0.0835301  0.07380378
 0.07359112 0.12244907 0.13195084 0.16489972 0.16646767 0.07878105
 0.0823868  0.20660694 0.10698931 0.10811629 0.1207028  0.0813472
 0.1169589  0.12046355 0.11342087 0.10397334 0.09639408 0.09296145
 0.12374162 0.12665345 0.12155206 0.16194893 0.0853233  0.08186547
 0.14295518 0.1256111  0.12739253 0.17081666 0.09644037 0.10700714
 0.11009492 0.1183047  0.11563934 0.1110774  0.10689314 0.09211984
 0.13371384 0.14794636 0.11262789 0.11858153 0.11144383 0.10563141
 0.06633116 0.06703541 0.10167181 0.10045859 0.06795342 0.06665377
 0.07597604 0.07367183 0.12630498 0.18472134 0.14338551 0.21988244
 0.22382621 0.10605706 0.10658315 0.09075342 0.09380388 0.11688816
 0.12764004 0.23713686 0.22623645 0.09782133 0.09715973 0.2867082
 0.08830702 0.08164742 0.08798892 0.08265804 0.17039639 0.1438641
 0.11507376 0.11856353 0.13278951 0.12582871 0.13841015 0.13312514
 0.09721251 0.09110998 0.10033972 0.10140195 0.10433316 0.10561434
 0.15974194 0.16131456 0.28628767 0.19813281 0.10072916 0.10848626
 0.16394645 0.13259633 0.09783757 0.10105587 0.15993589 0.1781418
 0.3268613  0.27816233 0.23988256 0.25793615 0.17092995 0.2311903
 0.10173739 0.11968063 0.14239627 0.14871942 0.18644688 0.1293366
 0.1222049  0.14020233 0.15514864 0.13672805 0.13226718 0.1453934
 0.1650891  0.15733999 0.16121414 0.11240215 0.11355901 0.06703142
 0.06404038 0.12237595 0.13125677 0.0847602  0.09020338 0.1406718
 0.15574965 0.18967496 0.16812594 0.08180432 0.08687114 0.12127235
 0.11426287 0.21762116 0.2058999  0.15253893 0.12723982 0.16547272
 0.11874974 0.10344145 0.10797909 0.10806581 0.13111462 0.14566451
 0.14065365 0.14571567 0.07812932 0.0756295  0.08298831 0.08650351
 0.12051924 0.11029898 0.09261418 0.09204311 0.16771911 0.19127153
 0.22168943 0.2047424  0.18211053 0.16471937 0.17186135 0.16381453
 0.16274433 0.13678415 0.15331854 0.11739407 0.11617748 0.12667228
 0.12117633 0.20753291 0.19953501 0.31262973 0.27361295 0.12237576
 0.11771981 0.22707194 0.21008962 0.17026243 0.17831692 0.11860097
 0.1204726  0.10031071 0.10137545 0.08919591 0.07570924 0.15168034
 0.13699515 0.10434297 0.16125257 0.15343581 0.1014325  0.09876731
 0.12146808 0.12511715 0.11883967 0.10695092 0.18086818 0.15317306
 0.19039775 0.12040856 0.11879709 0.26353887 0.24401821 0.2482386
 0.2568495  0.24977165 0.1421773  0.10447392 0.13673137 0.15023398
 0.10607522 0.10310306 0.20108676 0.10468464 0.09893089 0.11096024
 0.10480489 0.12068361 0.12806974 0.08010941 0.08355234 0.1064006
 0.09887976 0.09561489 0.09549035 0.22188294 0.19398074 0.1159892
 0.11022319 0.10989444 0.10211273 0.17275612 0.16858754 0.11049177
 0.10755677 0.09536529 0.0972256  0.07546606 0.07412528 0.10258704
 0.09923819 0.08067181 0.0788148  0.09267692 0.0906224  0.09314886
 0.09865905 0.15011054 0.14981465 0.11729594 0.11413993 0.09324485
 0.09882651]
(0.0339112340056333, 1.0616862096323512)
0.0
Counts: {'i': 133, 'r': 110, 'z': 271, 'g': 90}
Mu: {'i': 0.7862755, 'r': 0.4037271, 'z': 1.1371299, 'g': 0.26938325}
Variable??
0.03478431558939728
1.4542513540871993
Non-Variable source in g
Variable??
0.047653944006144804
2.1234134176543127
Non-Variable source in r
Variable??
0.06509302311696454
2.309431661823284
Non-Variable source in i
Variable??
0.11364633343800552
1.7297957960152046
Non-Variable source in z
Variable:    0/4
Var Bands:   
Slope:       [1, 1, 0.22833015342860663, 0.186824872008174]
Slope Error: [0.19686263743496468, 0, 0.060838152930393186, 0.04873971748890923]
intercepts:  [0.06832798705778198, 0, 0.0076192985990130024, 0.02473669095747871]
Int Error:   [0.03391822831657803, 0, 0.013594938808151259, 0.011126681291145723]
StDev:       [0.099988274, 0.09416439, 0.11909159, 0.19548315]
Not variable, going to next row
('75375', '75376', 'normal')
Running object 75375
[0.0290011  0.03058938 0.10064668 0.03400663 0.02509354 0.02221378
 0.06943525 0.04220734 0.02050198 0.02464711 0.03141205 0.04443625
 0.10155299 0.07488827 0.04872341 0.02344806 0.06398313 0.08881176
 0.02639607 0.03386373 0.04580818 0.04430348 0.03182018 0.03737373
 0.08228935 0.02640871 0.03036777 0.06175011 0.02340068 0.05636564
 0.04217269 0.07753431 0.0248667  0.04643279 0.0851841  0.02686576
 0.02653431 0.06669182 0.06623137 0.15848136 0.05666718 0.02696991
 0.03241262 0.10548582 0.12973768 0.07286742 0.03570701 0.14932147
 0.05662819 0.04367048 0.05923697 0.0373308  0.02868774 0.04160929
 0.03860431 0.04673932 0.03633047 0.04578014 0.02021265 0.05273777
 0.07453983 0.06038537 0.04320263 0.04256076 0.02255081 0.10829381
 0.05532923 0.11410448 0.11343514 0.03597121 0.03458418 0.04731336
 0.04974215 0.02397335 0.03007634 0.04347519 0.04454354 0.03650931
 0.04167156 0.6601862  0.03393408 0.10058373 0.04874848 0.05186941
 0.04621412 0.05006531 0.08332001 0.0249914  0.06790955 0.03512735
 0.04734929 0.04677163 0.04400927 0.04053775 0.04104996 0.0437744
 0.06569715 0.06782112 0.09554221 0.08059566 0.03293977 0.08820426
 0.12458783 0.04440422 0.02728741 0.04911508 0.03455521 0.12388022
 0.03121934 0.03121248 0.04307726 0.12149844 0.02458509 0.02958363
 0.10034885 0.07071485 0.03119413 0.06408038 0.13843139 0.03632934
 0.03317241]
(0.07039081567272482, 1.1266227863751934)
[0.04441578 0.04800465 0.04031962 0.14550322 0.08442157 0.04260338
 0.03558148 0.03156316 0.06261715 0.15884636 0.06199269 0.02922534
 0.10357609 0.09545009 0.         0.0339904  0.03786405 0.0482044
 0.08268599 0.06533516 0.08356649 0.03170448 0.06200099 0.07823631
 0.03643425 0.04385317 0.04956054 0.04323388 0.04541247 0.04746139
 0.06857571 0.03463795 0.04010832 0.0520141  0.06756843 0.05659582
 0.0594174  0.0385292  0.04467267 0.06762156 0.20283882 0.03450698
 0.0368651  0.06907395 0.0604673  0.12130388 0.05037872 0.03427118
 0.0390384  0.08726328 0.10391985 0.07987203 0.07085946 0.11977233
 0.06187314 0.04844517 0.07382105 0.29069453 0.05424162 0.03984834
 0.05807734 0.10208329 0.0507822  0.05362252 0.04656985 0.06250694
 0.07679868 0.02685417 0.08891854 0.07824536 0.05043194 0.0492047
 0.05238231 0.0290176  0.0910269  0.06451464 0.09188405 0.10254299
 0.05018688 0.04702682 0.05619489 0.04921813 0.03320362 0.09587088
 0.07584853 0.07421589 0.05382627 0.08212557 0.0454971  0.08403438
 0.04226572 0.08261874 0.07927789 0.05084823 0.06462858 0.0593258
 0.04989855 0.0612564  0.03250533 0.05687995 0.04233347 0.04619134
 0.05447672 0.05034148 0.05452292 0.04992143 0.10048184 0.07179358
 0.131504   0.14287373 0.10654625 0.09248247 0.07799003 0.04355218
 0.08592261 0.08021437 0.05253834 0.03698973 0.04855938 0.03796484
 0.11260858 0.03996194 0.0440428  0.05617235 0.10085746 0.03239429
 0.03623392 0.08221447 0.05530087 0.03744281 0.05395721 0.10831076
 0.04502707 0.03553192]
(0.05221471667461246, 1.056666068277515)
[0.06208028 0.05642633 0.04804376 0.08697101 0.07946937 0.05596655
 0.04632195 0.04197799 0.06462593 0.08749363 0.04226883 0.11538886
 0.08065462 0.08799627 0.04611915 0.05456487 0.06180412 0.07163706
 0.07800041 0.14126614 0.04584194 0.06944614 0.07609196 0.05469445
 0.06111563 0.05812676 0.04851116 0.06679686 0.06335738 0.06729265
 0.03867678 0.05641786 0.04631475 0.04241577 0.08151993 0.08718001
 0.1682388  0.06214583 0.05202723 0.06249283 0.13796864 0.06051066
 0.04981866 0.04677986 0.09451668 0.06440278 0.09616451 0.06958782
 0.05195474 0.05327953 0.07326855 0.09469485 0.08376104 0.08529057
 0.07610369 0.05440454 0.08533686 0.24961218 0.09643693 0.04997534
 0.07230109 0.1499819  0.08590345 0.07226856 0.07017119 0.07611756
 0.07871565 0.07397629 0.03499522 0.09253791 0.07317927 0.05000643
 0.07252192 0.0847335  0.04227473 0.08136119 0.09589558 0.09355195
 0.14162494 0.06522833 0.06249337 0.07359336 0.10977092 0.05085642
 0.04510625 0.05746816 0.06687686 0.11034582 0.13582973 0.12365699
 0.09312529 0.1050771  0.06596005 0.0762983  0.06524662 0.11015981
 0.0686475  0.13287184 0.08512522 0.06251972 0.064057   0.04848924
 0.08333545 0.10939478 0.0563538  0.06645022 0.05892597 0.08420419
 0.06751009 0.17358263 0.11747289 0.13270672 0.0786381  0.08234879
 0.05735038 0.14433436 0.07353667 0.07285731 0.06552508 0.04417451
 0.06195403 0.0496951  0.08726638 0.05917651 0.06088407 0.08773756
 0.08085092 0.05283524 0.0412073  0.07180033 0.05124121 0.04770694
 0.06277996 0.10013779 0.058279   0.05142349]
(0.04806290106492023, 1.0455954114090282)
[0.1472581  0.10949276 0.12050682 0.10165088 0.10042868 0.09245782
 0.09790137 0.16408622 0.18322374 0.13278182 0.14976592 0.10782374
 0.1163248  0.1095892  0.13374901 0.07704653 0.08381227 0.07291482
 0.07346237 0.12271785 0.13456362 0.17072555 0.17190023 0.08037526
 0.08523849 0.24127452 0.10773335 0.10860352 0.12127025 0.0815362
 0.07784516 0.11696182 0.12213591 0.11446092 0.10516516 0.09417399
 0.09806038 0.12510362 0.12835987 0.16181661 0.12443309 0.08644244
 0.08293419 0.14052217 0.12234014 0.12714635 0.13419715 0.1082909
 0.09820949 0.12165847 0.11188038 0.11157479 0.11402683 0.10721737
 0.09149379 0.14637336 0.1471765  0.11416928 0.12132326 0.10739517
 0.11233118 0.06555128 0.0658893  0.10179181 0.09881386 0.06574707
 0.06732664 0.0736841  0.07585333 0.13245182 0.1263678  0.20740181
 0.14617124 0.23006289 0.1055343  0.10796172 0.09253217 0.09569082
 0.11776729 0.12717636 0.10064355 0.09753651 0.08851971 0.08190127
 0.08263928 0.08824141 0.17542776 0.14633733 0.11454736 0.11899329
 0.13181573 0.12450719 0.13607277 0.13599212 0.09631454 0.09151305
 0.09844669 0.1009191  0.10404616 0.10546047 0.1625526  0.1562821
 0.1989423  0.30090904 0.20153148 0.21385194 0.10810608 0.10071387
 0.16843268 0.13394897 0.10110067 0.09796969 0.16662459 0.18411008
 0.21739133 0.24897099 0.17312466 0.22868259 0.10200962 0.12012954
 0.1504574  0.1515248  0.19313928 0.12432599 0.13074441 0.14385706
 0.16134334 0.14299479 0.13292341 0.14971611 0.16561349 0.1678894
 0.16614872 0.11227375 0.11419718 0.06447798 0.06703295 0.12279672
 0.1315794  0.08472607 0.08894109 0.14058924 0.16421764 0.17817265
 0.08729803 0.08286458 0.12346543 0.11695849 0.22043796 0.23884141
 0.15110485 0.13503502 0.16133323 0.12223627 0.10854246 0.11034935
 0.10862732 0.15092713 0.13578404 0.14443178 0.147869   0.07854908
 0.07622015 0.08334064 0.087148   0.1205437  0.11136038 0.09339815
 0.09305905 0.1893481  0.17698303 0.22738774 0.20896389 0.19910596
 0.18924068 0.17660914 0.17745484 0.17713886 0.17367853 0.13626787
 0.1566101  0.11831045 0.11406816 0.12880622 0.12233327 0.2111038
 0.20058103 0.12312313 0.11702153 0.22997186 0.17294338 0.20602368
 0.1232234  0.12115943 0.09910426 0.1017528  0.09112173 0.07701206
 0.14198071 0.15519552 0.10435086 0.10303686 0.16014542 0.15292422
 0.10256383 0.09963383 0.12378512 0.1254313  0.11817081 0.10649986
 0.17846487 0.16398041 0.26923415 0.19858181 0.12381814 0.12076989
 0.24752064 0.39114565 0.10688134 0.14868723 0.15057494 0.14020683
 0.10611089 0.10391645 0.21383835 0.2223196  0.10644565 0.09782442
 0.11167499 0.10566185 0.12951058 0.12581201 0.08008147 0.08455509
 0.10994575 0.09886613 0.09673175 0.09693015 0.1436999  0.19440496
 0.11914782 0.11084779 0.11227392 0.10358709 0.17558482 0.16960976
 0.10697946 0.11134196 0.09545051 0.09745096 0.0749509  0.07381904
 0.09896175 0.1031386  0.08084234 0.07993831 0.09173192 0.09356567
 0.09504773 0.10082566 0.15041077 0.15269381 0.11959348 0.1140082
 0.09502232 0.09890465]
(0.0339112340056333, 1.0616862096323512)
0.0
Counts: {'i': 136, 'r': 133, 'z': 266, 'g': 121}
Mu: {'i': 0.94241, 'r': 0.78628784, 'z': 1.0101485, 'g': 0.54773366}
Variable??
0.039141478948295116
1.230519444642901
Non-Variable source in g
Variable??
0.05115016423289104
1.543474422455847
Non-Variable source in r
Variable??
0.06464994887559826
1.4583434003021871
Non-Variable source in i
Variable??
0.11289460240482317
1.3739815229928662
Non-Variable source in z
Variable:    0/4
Var Bands:   
Slope:       [1, 1, 1, 0.37386277595150774]
Slope Error: [0.20082827123253283, 0, 0.06754877693845385, 0.08002208236111809]
intercepts:  [0.038054593359866606, 0, 0.015848769695995253, 0.015408411597771808]
Int Error:   [0.021145443349011684, 0, 0.0093050616556137, 0.00976732440695124]
StDev:       [0.12101784, 0.11293125, 0.09912162, 0.16447447]
Not variable, going to next row
