17999 18000 normal
Running object 17999
0.0
{'g': 2.2057827, 'r': 2.568015, 'i': 3.5001686, 'z': 3.3355742}
(20, 240)
6240
406.6938628123465
[-0.65396815  2.58479904  0.01514601  0.03921373 -0.02008238 -0.01168517
  0.65563377  1.04153268  0.95783442]
(20, 190)
5190
406.6938628123465
[-0.65396815  2.58479904  0.01514601  0.03921373 -0.02008238 -0.01168517
  0.65563377  1.04153268  0.95783442]
ROW: 17999 Tau: 2.584799037185064 V: -0.6539681549581442 dMu: 0.015146012492713759
[-0.58005817  2.7255106 ]
ROW: 17999 Tau: 2.7255106036070664 V: -0.5800581737548398
0.0
0.00390625
0.00390625
0.0
0.0
0.0
0.0
0.00390625
0.0
0.0
0.00390625
0.00390625
0.00390625
0.00390625
0.00390625
0.00390625
0.0
0.00390625
0.00390625
0.0
0.00390625
0.00390625
0.0
0.0
0.0
0.0
0.00390625
0.00390625
0.00390625
0.00390625
0.00390625
0.00390625
0.00390625
0.00390625
0.00390625
0.00390625
0.00390625
0.00390625
0.0
0.00390625
0.0
0.00390625
0.0
0.0
0.00390625
0.00390625
0.0
0.0
0.0
0.0
0.00390625
0.00390625
0.0
0.00390625
0.00390625
0.00390625
0.00390625
0.0
0.00390625
0.0
0.00390625
0.0
0.00390625
0.0
0.00390625
0.0
0.00390625
0.00390625
0.00390625
0.0
0.0
0.00390625
0.00390625
0.00390625
0.00390625
0.00390625
0.00390625
0.0
0.0
0.00390625
0.00390625
0.0
0.00390625
0.0
0.00390625
0.0
0.0
0.00390625
0.00390625
0.00390625
0.00390625
0.0
0.00390625
0.00390625
0.0
0.00390625
0.00390625
0.00390625
0.00390625
0.00390625
0.0
0.0
0.00390625
0.00390625
0.0
0.00390625
0.00390625
0.00390625
0.0
0.0
0.00390625
0.0
0.0
0.0
0.00390625
0.0
0.0
0.0
0.00390625
0.00390625
0.0
0.00390625
0.00390625
0.0
0.00390625
0.0
0.00390625
0.00390625
0.0
0.00390625
0.0
0.0
0.00390625
0.0
0.0
0.00390625
0.00390625
0.0
0.0
0.0
0.0
0.00390625
0.00390625
0.00390625
0.00390625
0.00390625
0.00390625
0.00390625
0.0
0.0
0.0
0.00390625
0.0
0.001953125
0.00390625
0.00390625
0.001953125
0.00390625
0.00390625
0.00390625
0.00390625
0.001953125
0.00390625
0.00390625
0.00390625
0.00390625
0.001953125
0.001953125
0.00390625
0.00390625
0.00390625
0.001953125
0.00390625
0.00390625
0.00390625
0.001953125
0.00390625
0.00390625
0.00390625
0.001953125
0.001953125
0.001953125
0.001953125
0.001953125
0.00390625
0.00390625
0.00390625
0.00390625
0.00390625
0.00390625
0.00390625
0.001953125
0.00390625
0.00390625
0.00390625
0.00390625
0.00390625
0.001953125
0.00390625
0.00390625
0.00390625
0.00390625
0.001953125
0.00390625
0.00390625
0.00390625
0.00390625
0.00390625
0.001953125
0.00390625
0.00390625
0.00390625
0.00390625
0.00390625
0.00390625
0.00390625
0.00390625
0.00390625
0.00390625
0.00390625
0.00390625
0.00390625
0.00390625
17999 18000 normal
Running object 17999
0.0
{'g': 2.2057827, 'r': 2.568015, 'i': 3.5001686, 'z': 3.3355742}
(94, 250)
28450
406.7850846796783
[-0.6599545   2.5392106   0.03357415  0.0039914   0.01160455  0.01332525
  0.65772918  1.04179343  0.95424302]
(94, 200)
23700
406.7850846796783
[-0.6599545   2.5392106   0.03357415  0.0039914   0.01160455  0.01332525
  0.65772918  1.04179343  0.95424302]
ROW: 17999 Tau: 2.5392105964801575 V: -0.6599544963076448 dMu: 0.03357414818131724
[-0.72452402  2.42672488]
ROW: 17999 Tau: 2.4267248758257116 V: -0.7245240178546235
17999 18000 normal
Running object 17999
0.0
{'g': 2.2057827, 'r': 2.568015, 'i': 3.5001686, 'z': 3.3355742}
(34, 152)
10352
406.73262475507784
[-7.94715185e-01  2.29093754e+00  1.36075682e-03  1.42251854e-02
 -1.51633774e-02  4.21338965e-03  6.61570845e-01  1.05299950e+00
  9.55662756e-01]
(34, 102)
8602
406.73262475507784
[-7.94715185e-01  2.29093754e+00  1.36075682e-03  1.42251854e-02
 -1.51633774e-02  4.21338965e-03  6.61570845e-01  1.05299950e+00
  9.55662756e-01]
ROW: 17999 Tau: 2.2909375402524197 V: -0.7947151854831483 dMu: 0.0013607568217869764
[-0.68358055  2.50505125]
ROW: 17999 Tau: 2.5050512486364216 V: -0.6835805541902011
