63815 63816 optimal
Running object 63815
{'g': 1.0244583, 'r': 1.4031603, 'i': 1.7633209, 'z': 1.7331656}
Trying optimal initialization
(56, 212)
17012
437.41373796227975
[-0.32835583  3.50607326  0.03420416  0.00392489  0.0515048   0.02519771
  0.59474615  1.13064981  1.07519435]
(56, 162)
14162
437.41373796227975
[-0.32835583  3.50607326  0.03420416  0.00392489  0.0515048   0.02519771
  0.59474615  1.13064981  1.07519435]
ROW: 63815 Tau: 3.5060732646364885 V: -0.32835582982561473 dMu: 0.03420415619399689
60141 60142 optimal
Running object 60141
{'g': 1.6392, 'r': 1.8554038, 'i': 2.6227076, 'z': 2.6677506}
Trying optimal initialization
(41, 17)
12317
564.3456207344535
[-0.81906989  2.99741675 -0.00422716  0.00802983 -0.02025472 -0.03327446
  0.63440182  0.97433304  0.9252159 ]
(41, 18)
10268
564.2590959729317
[-8.01294450e-01  2.98588227e+00  1.58224068e-03 -1.61521824e-02
 -9.68997197e-03 -1.42912297e-02  6.31017645e-01  9.63029264e-01
  9.16976277e-01]
ROW: 60141 Tau: 2.985882268481854 V: -0.8012944504552437 dMu: 0.0015822406761758778
47662 47663 optimal
Running object 47662
{'g': 1.1790453, 'r': 1.4696927, 'i': 2.075582, 'z': 2.90398}
Trying optimal initialization
(74, 23)
22223
547.5533069522776
[-8.62879779e-01  3.11506207e+00 -2.83437654e-03  1.40339678e-02
  1.01282490e-02 -4.14594740e-02  5.65580155e-01  9.05211755e-01
  1.07841825e+00]
(34, 197)
8697
547.4673394068218
[-8.94859226e-01  3.06501896e+00  3.21276165e-02  5.41386594e-03
 -3.01159108e-03 -2.44311164e-02  5.70856132e-01  9.12079610e-01
  1.07548053e+00]
ROW: 47662 Tau: 3.0650189604260722 V: -0.8948592255727632 dMu: 0.03212761653054316
17999 18000 optimal
Running object 17999
{'g': 2.2057827, 'r': 2.568015, 'i': 3.5001686, 'z': 3.3355742}
Trying optimal initialization
(73, 18)
21918
407.05019500813995
[-0.7469825   2.37815933  0.00523554  0.00577798  0.00245023  0.00792138
  0.65661169  1.04553537  0.95568254]
(53, 20)
13270
406.73929100216264
[-0.70533191  2.45670698  0.00465283 -0.02772415  0.01493816  0.00488201
  0.66428008  1.04997145  0.9655565 ]
ROW: 17999 Tau: 2.456706975061832 V: -0.705331910483506 dMu: 0.004652834374151149
9004 9005 optimal
Running object 9004
{'g': 2.7318854, 'r': 2.8564348, 'i': 3.8567748, 'z': 3.647069}
Trying optimal initialization
(1, 187)
487
694.389141925828
[-6.45239813e-01  3.32467015e+00  1.02689941e-02  2.61963527e-03
  7.79324316e-03  4.06279407e-02  7.08127654e-01  1.34591190e+00
  1.28383184e+00]
(1, 137)
387
694.389141925828
[-6.45239813e-01  3.32467015e+00  1.02689941e-02  2.61963527e-03
  7.79324316e-03  4.06279407e-02  7.08127654e-01  1.34591190e+00
  1.28383184e+00]
ROW: 9004 Tau: 3.3246701453573464 V: -0.6452398132879614 dMu: 0.010268994087622975
3347 3348 optimal
Running object 3347
{'g': 1.2993842, 'r': 1.9879203, 'i': 1.8528771, 'z': 1.7487404}
Trying optimal initialization
(34, 15)
10215
509.5296632979212
[-0.97344131  2.38021345 -0.0083191  -0.01970817 -0.00766775 -0.01393651
  0.48673444  0.79369042  0.83052894]
(7, 80)
1830
509.2349886696466
[-0.98349816  2.4285727  -0.01819129 -0.01785464 -0.02023583 -0.01578299
  0.48784113  0.79714923  0.82098342]
ROW: 3347 Tau: 2.4285727045300103 V: -0.9834981630665539 dMu: -0.018191288867555062
64167 64168 optimal
Running object 64167
{'g': 1.8581653, 'r': 2.0737324, 'i': 2.951532, 'z': 3.115777}
Trying optimal initialization
(0, 227)
227
146.93166306763894
[-6.10447235e-01  3.06740369e+00 -3.67994814e-02 -7.99301688e-03
  5.59604779e-04 -2.04924478e-02  6.01341532e-01  8.83188413e-01
  9.16192634e-01]
(0, 177)
177
146.93166306763894
[-6.10447235e-01  3.06740369e+00 -3.67994814e-02 -7.99301688e-03
  5.59604779e-04 -2.04924478e-02  6.01341532e-01  8.83188413e-01
  9.16192634e-01]
ROW: 64167 Tau: 3.0674036872288064 V: -0.6104472346388125 dMu: -0.036799481364568905
72126 72127 optimal
Running object 72126
{'g': 2.0531697, 'r': 2.3269138, 'i': 2.3083303, 'z': 2.4798653}
Trying optimal initialization
(93, 13)
27913
302.4076901932991
[-6.73359529e-01  2.92611399e+00  2.02423872e-03  2.18170929e-03
  2.84724159e-03  2.29669714e-03  9.17724256e-01  1.05469671e+00
  1.17546549e+00]
(88, 161)
22161
302.1772969802706
[-5.50097575e-01  3.22856649e+00 -1.51747486e-03  3.10953097e-02
 -1.03623483e-02  1.94875024e-02  9.18378510e-01  1.05226507e+00
  1.17574963e+00]
ROW: 72126 Tau: 3.228566486636395 V: -0.5500975754999947 dMu: -0.00151747485593289
74440 74441 optimal
Running object 74440
{'g': 0.9815383, 'r': 1.2569711, 'i': 1.1889147, 'z': 1.3543663}
Trying optimal initialization
(26, 265)
8065
178.42896449603026
[-0.37482286  3.57545879 -0.00598288  0.00791852  0.01084708 -0.00473474
  0.78732296  0.78225751  0.82943377]
(26, 215)
6715
178.42896449603026
[-0.37482286  3.57545879 -0.00598288  0.00791852  0.01084708 -0.00473474
  0.78732296  0.78225751  0.82943377]
ROW: 74440 Tau: 3.5754587873493917 V: -0.37482286381996965 dMu: -0.005982883272626124
75375 75376 optimal
Running object 75375
{'g': 4.319595, 'r': 4.558665, 'i': 5.3296957, 'z': 5.195274}
Trying optimal initialization
(42, 172)
12772
-1056.1131874124524
[-6.74271698e-01  3.04926375e+00  5.54404860e-03 -2.87373668e-02
  1.36501310e-02  1.56401741e-03  5.98136563e-01  9.59421061e-01
  1.07283294e+00]
(42, 122)
10622
-1056.1131874124524
[-6.74271698e-01  3.04926375e+00  5.54404860e-03 -2.87373668e-02
  1.36501310e-02  1.56401741e-03  5.98136563e-01  9.59421061e-01
  1.07283294e+00]
ROW: 75375 Tau: 3.049263752824066 V: -0.674271698389759 dMu: 0.005544048597452507
