63815 63816 optimal
Running object 63815
{'g': 1.0244583, 'r': 1.4031603, 'i': 1.7633209, 'z': 1.7331656}
Trying optimal initialization
(71, 1553)
214553
437.70018249610405
[-0.40137279  3.34134103 -0.0154775   0.02179386  0.0242458   0.02002364
  0.59603813  1.13149905  1.08351413]
(71, 1503)
210953
437.70018249610405
[-0.40137279  3.34134103 -0.0154775   0.02179386  0.0242458   0.02002364
  0.59603813  1.13149905  1.08351413]
ROW: 63815 Tau: 3.3413410263926613 V: -0.4013727860791495 dMu: -0.015477500566151048
60141 60142 optimal
Running object 60141
{'g': 1.6392, 'r': 1.8554038, 'i': 2.6227076, 'z': 2.6677506}
Trying optimal initialization
(58, 20)
174020
564.4358066438751
[-0.82301383  2.99552461 -0.01294774  0.00649012 -0.0095497  -0.01541899
  0.63503857  0.97110846  0.9258166 ]
(98, 128)
289228
564.4267960270333
[-6.79414271e-01  3.29581511e+00 -1.73462156e-03 -4.52363288e-03
 -1.53449428e-02 -1.39916942e-02  6.34598557e-01  9.70437313e-01
  9.16360125e-01]
ROW: 60141 Tau: 3.295815109027857 V: -0.6794142713964686 dMu: -0.0017346215583926988
47662 47663 optimal
Running object 47662
{'g': 1.1790453, 'r': 1.4696927, 'i': 2.075582, 'z': 2.90398}
Trying optimal initialization
(11, 1151)
34151
547.6275306518331
[-0.84641913  3.15982168  0.00851751  0.00567726 -0.02568569  0.00446303
  0.57394738  0.91263655  1.0858275 ]
(11, 1101)
33551
547.6275306518331
[-0.84641913  3.15982168  0.00851751  0.00567726 -0.02568569  0.00446303
  0.57394738  0.91263655  1.0858275 ]
ROW: 47662 Tau: 3.159821684052504 V: -0.8464191301248317 dMu: 0.008517510725584834
17999 18000 optimal
Running object 17999
{'g': 2.2057827, 'r': 2.568015, 'i': 3.5001686, 'z': 3.3355742}
Trying optimal initialization
(2, 12)
6012
407.05134207639753
[-7.45716767e-01  2.37762927e+00  4.44906398e-03  6.88975978e-03
  1.92120147e-03  7.63265458e-03  6.56955211e-01  1.04562025e+00
  9.55717890e-01]
(93, 2026)
276376
406.90125346410736
[-6.79318241e-01  2.53827580e+00 -2.03412575e-02  2.26843919e-02
  1.12187322e-02  8.20887358e-04  6.56826608e-01  1.04564717e+00
  9.56787151e-01]
ROW: 17999 Tau: 2.5382757991875122 V: -0.6793182412067054 dMu: -0.020341257505249975
9004 9005 optimal
Running object 9004
{'g': 2.7318854, 'r': 2.8564348, 'i': 3.8567748, 'z': 3.647069}
Trying optimal initialization
(52, 1986)
157986
694.5211583373115
[-5.62827051e-01  3.50091213e+00 -2.01761599e-02 -6.04287130e-03
 -4.88433586e-03 -3.11421753e-04  7.09668996e-01  1.34783344e+00
  1.29626326e+00]
(52, 1936)
155336
694.5211583373115
[-5.62827051e-01  3.50091213e+00 -2.01761599e-02 -6.04287130e-03
 -4.88433586e-03 -3.11421753e-04  7.09668996e-01  1.34783344e+00
  1.29626326e+00]
ROW: 9004 Tau: 3.500912133273175 V: -0.5628270511843187 dMu: -0.02017615989497827
3347 3348 optimal
Running object 3347
{'g': 1.2993842, 'r': 1.9879203, 'i': 1.8528771, 'z': 1.7487404}
Trying optimal initialization
(12, 14)
36014
509.514748948636
[-0.96937272  2.38225215 -0.00901702 -0.02220352 -0.00956292 -0.01610093
  0.48975242  0.7920011   0.82981312]
(96, 1011)
284211
509.42640756536275
[-0.92184983  2.5056473  -0.02706522 -0.02140572 -0.01005453 -0.01025439
  0.48617437  0.78926491  0.83091663]
ROW: 3347 Tau: 2.5056473013792484 V: -0.921849833882192 dMu: -0.027065220843513968
64167 64168 optimal
Running object 64167
{'g': 1.8581653, 'r': 2.0737324, 'i': 2.951532, 'z': 3.115777}
Trying optimal initialization
(7, 837)
21837
147.1665642756134
[-7.14077330e-01  2.88020434e+00 -3.18213285e-03  3.61126691e-03
 -5.56961378e-03 -2.86566553e-03  6.09574742e-01  8.90010788e-01
  9.30886497e-01]
(7, 787)
21437
147.1665642756134
[-7.14077330e-01  2.88020434e+00 -3.18213285e-03  3.61126691e-03
 -5.56961378e-03 -2.86566553e-03  6.09574742e-01  8.90010788e-01
  9.30886497e-01]
ROW: 64167 Tau: 2.880204340124122 V: -0.7140773302236479 dMu: -0.0031821328477818767
72126 72127 optimal
Running object 72126
{'g': 2.0531697, 'r': 2.3269138, 'i': 2.3083303, 'z': 2.4798653}
Trying optimal initialization
(90, 10)
270010
302.40764745238033
[-6.72405803e-01  2.92594474e+00  2.78677637e-03  1.36547893e-03
  1.52124110e-03  3.43775338e-03  9.18116004e-01  1.05476094e+00
  1.17555040e+00]
(77, 553)
227703
302.2271024210599
[-0.55973559  3.20809046  0.0097372  -0.00974913  0.02459201 -0.012589
  0.91755707  1.05116928  1.16868063]
ROW: 72126 Tau: 3.2080904600954856 V: -0.5597355927199323 dMu: 0.009737200351646207
74440 74441 optimal
Running object 74440
{'g': 0.9815383, 'r': 1.2569711, 'i': 1.1889147, 'z': 1.3543663}
Trying optimal initialization
(39, 808)
117808
178.63483253345663
[-3.33653871e-01  3.69409194e+00 -1.32742902e-03 -2.42823875e-02
 -5.51711996e-03 -2.45813722e-03  7.75794339e-01  7.74414014e-01
  8.23245951e-01]
(39, 758)
115808
178.63483253345663
[-3.33653871e-01  3.69409194e+00 -1.32742902e-03 -2.42823875e-02
 -5.51711996e-03 -2.45813722e-03  7.75794339e-01  7.74414014e-01
  8.23245951e-01]
ROW: 74440 Tau: 3.6940919404653747 V: -0.3336538710881169 dMu: -0.0013274290154101226
75375 75376 optimal
Running object 75375
{'g': 4.319595, 'r': 4.558665, 'i': 5.3296957, 'z': 5.195274}
Trying optimal initialization
(28, 10)
84010
-1056.1433548016985
[-0.75943577  2.87865025 -0.01856939 -0.02687023 -0.00727232  0.02002898
  0.5975211   0.96001398  1.07462725]
(68, 2305)
202905
-1056.1688147916623
[-0.68930553  3.05929445  0.00417988  0.00735567  0.02389263 -0.00937531
  0.59756576  0.95985273  1.07708176]
ROW: 75375 Tau: 3.059294453502833 V: -0.6893055348654646 dMu: 0.004179877627925224
