17999 18000 normal
Running object 17999
0.0
{'g': 2.2057827, 'r': 2.568015, 'i': 3.5001686, 'z': 3.3355742}
(93, 181)
28081
406.689856865753
[-6.14451512e-01  2.68269125e+00  1.42004494e-02 -2.62452511e-02
 -1.77320226e-03  1.09620915e-02  6.56345447e-01  1.04030793e+00
  9.51538509e-01]
(93, 131)
23381
406.689856865753
[-6.14451512e-01  2.68269125e+00  1.42004494e-02 -2.62452511e-02
 -1.77320226e-03  1.09620915e-02  6.56345447e-01  1.04030793e+00
  9.51538509e-01]
ROW: 17999 Tau: 2.682691246880138 V: -0.6144515123995791 dMu: 0.014200449392172992
emcee: Exception while calling your likelihood function:
  params: [-0.55787879  2.8018163  -0.04961329]
  args: (array([56266.25390625, 56266.25390625, 56266.2578125 , 56266.26171875,
       56266.26171875, 56268.1171875 , 56271.2890625 , 56271.29296875,
       56271.296875  , 56277.20703125, 56277.20703125, 56277.2109375 ,
       56285.22265625, 56285.22265625, 56285.2265625 , 56285.2265625 ,
       56285.23046875, 56290.20703125, 56290.20703125, 56290.2109375 ,
       56290.21484375, 56290.21484375, 56299.0859375 , 56299.0859375 ,
       56299.08984375, 56299.08984375, 56299.09375   , 56309.18359375,
       56309.1875    , 56309.1875    , 56309.19140625, 56309.1953125 ,
       56322.1171875 , 56322.125     , 56326.11328125, 56326.1171875 ,
       56326.1171875 , 56326.12109375, 56326.125     , 56331.06640625,
       56331.0703125 , 56331.0703125 , 56331.07421875, 56331.078125  ,
       56534.21875   , 56534.21875   , 56534.22265625, 56534.2265625 ,
       56534.2265625 , 56538.36328125, 56538.3671875 , 56538.37109375,
       56538.37109375, 56538.375     , 56543.30859375, 56543.3125    ,
       56543.3125    , 56543.31640625, 56543.3203125 , 56547.26953125,
       56547.26953125, 56547.2734375 , 56547.2734375 , 56547.27734375,
       56551.25390625, 56552.26953125, 56552.27734375, 56552.27734375,
       56552.28125   , 56559.19140625, 56559.19140625, 56559.1953125 ,
       56559.19921875, 56559.19921875, 56563.19921875, 56563.203125  ,
       56563.20703125, 56563.2109375 , 56567.21875   , 56567.22265625,
       56567.22265625, 56567.23046875, 56575.19140625, 56575.1953125 ,
       56575.1953125 , 56575.19921875, 56575.19921875, 56579.1796875 ,
       56579.18359375, 56579.18359375, 56579.1875    , 56579.19140625,
       56594.1328125 , 56594.13671875, 56594.13671875, 56594.140625  ,
       56594.140625  , 56602.1171875 , 56602.12109375, 56602.125     ,
       56602.12890625, 56607.05859375, 56607.05859375, 56607.0625    ,
       56607.06640625, 56614.07421875, 56614.07421875, 56614.078125  ,
       56614.08203125, 56614.08203125, 56615.09765625, 56615.09765625,
       56615.1015625 , 56615.1015625 , 56615.10546875, 56625.18359375,
       56625.1875    , 56625.19140625, 56628.07421875, 56628.078125  ,
       56628.08203125, 56628.08203125, 56628.0859375 , 56635.12890625,
       56635.12890625, 56635.1328125 , 56635.1328125 , 56635.13671875,
       56645.078125  , 56645.078125  , 56645.08203125, 56645.0859375 ,
       56645.0859375 , 56649.1640625 , 56649.16796875, 56649.171875  ,
       56649.171875  , 56649.17578125, 56653.0859375 , 56653.08984375,
       56653.08984375, 56653.09375   , 56653.09375   , 56660.08984375,
       56660.09375   , 56660.09375   , 56660.09765625, 56667.1171875 ,
       56667.1171875 , 56667.12109375, 56667.125     , 56667.125     ,
       56682.08203125, 56682.08203125, 56682.0859375 , 56682.08984375,
       56682.08984375, 56686.12109375, 56686.12109375, 56686.125     ,
       56686.12890625, 56686.12890625, 56693.03515625, 56693.03515625,
       56693.0390625 , 56693.04296875, 56693.04296875, 56887.390625  ,
       56887.390625  , 56887.39453125, 56887.3984375 , 56887.3984375 ,
       56891.390625  , 56891.39453125, 56891.39453125, 56891.3984375 ,
       56891.40234375, 56904.296875  , 56904.296875  , 56904.30078125,
       56904.30078125, 56904.3046875 , 56912.34375   , 56912.34765625,
       56912.34765625, 56912.3515625 , 56912.3515625 , 56920.3046875 ,
       56920.30859375, 56920.3125    , 56920.31640625, 56927.234375  ,
       56927.23828125, 56927.23828125, 56927.2421875 , 56927.24609375,
       56933.2265625 , 56943.23046875, 56943.23046875, 56943.23828125,
       56943.23828125, 56949.32421875, 56949.328125  , 56949.33203125,
       56956.3359375 , 56956.33984375, 56956.34375   , 56956.34375   ,
       56960.26953125, 56960.2734375 , 56960.27734375, 56960.27734375,
       56960.28125   , 56966.35546875, 56966.359375  , 56966.36328125,
       56973.31640625, 56973.31640625, 56973.3203125 , 56973.3203125 ,
       56973.32421875, 56980.31640625, 56980.3203125 , 56980.32421875,
       56980.328125  , 56988.03125   , 56988.03515625, 56988.03515625,
       56988.0390625 , 56992.13671875, 56992.13671875, 56992.140625  ,
       56992.14453125, 56992.14453125, 57008.109375  , 57008.11328125,
       57008.1171875 , 57008.1171875 , 57008.12109375, 57012.08203125,
       57012.0859375 , 57012.0859375 , 57012.08984375, 57012.08984375,
       57018.07421875, 57018.078125  , 57018.08203125, 57019.0703125 ,
       57019.07421875, 57019.07421875, 57019.078125  , 57019.078125  ,
       57026.16796875, 57026.16796875, 57026.171875  , 57026.171875  ,
       57026.17578125, 57033.16015625, 57033.1640625 , 57033.1640625 ,
       57033.16796875, 57033.171875  , 57040.17578125, 57040.17578125,
       57040.1796875 , 57040.18359375, 57040.18359375, 57047.0859375 ,
       57047.08984375, 57047.08984375, 57047.09375   , 57047.09765625,
       57054.03515625, 57054.03515625, 57054.0390625 , 57054.0390625 ,
       57054.04296875, 57061.140625  , 57061.14453125, 57061.1484375 ,
       57061.1484375 , 57061.15234375, 57066.03515625, 57066.03515625,
       57249.421875  , 57255.4140625 , 57255.4140625 , 57255.41796875,
       57255.421875  , 57265.3671875 , 57265.3671875 , 57265.37109375,
       57265.37109375, 57276.3515625 , 57278.234375  , 57278.234375  ,
       57278.23828125, 57278.2421875 , 57278.2421875 , 57286.2578125 ,
       57291.1953125 , 57291.203125  , 57304.17578125, 57304.1796875 ,
       57304.18359375, 57304.18359375, 57304.1875    , 57311.35546875,
       57311.359375  , 57311.359375  , 57311.36328125, 57311.36328125,
       57315.234375  , 57315.234375  , 57315.23828125, 57319.15625   ,
       57325.12109375, 57325.125     , 57325.12890625, 57325.12890625,
       57329.2109375 , 57329.21484375, 57329.21484375, 57329.21875   ,
       57329.22265625, 57332.078125  , 57332.078125  , 57332.08203125,
       57332.0859375 , 57339.296875  , 57339.296875  , 57339.30078125,
       57339.30078125, 57345.3125    , 57345.31640625, 57345.3203125 ,
       57345.3203125 , 57355.23828125, 57355.23828125, 57355.2421875 ,
       57355.24609375, 57355.24609375, 57365.18359375, 57365.1875    ,
       57365.19140625, 57365.19140625, 57372.23828125, 57372.23828125,
       57372.2421875 , 57375.046875  , 57375.046875  , 57375.05078125,
       57375.05078125, 57375.0546875 , 57385.1484375 , 57385.15234375,
       57385.15234375, 57385.15625   , 57385.15625   , 57389.1484375 ,
       57389.15234375, 57389.15234375, 57389.15625   , 57389.16015625,
       57394.15625   , 57394.16015625, 57394.16015625, 57394.1640625 ,
       57394.16796875, 57401.13671875, 57401.140625  , 57401.14453125,
       57401.14453125, 57408.06640625, 57408.06640625, 57408.0703125 ,
       57408.0703125 , 57408.07421875, 57425.14453125, 57425.1484375 ,
       57425.15234375, 57425.15234375, 57425.15625   ]), array([ 0.04606189,  0.1642984 ,  0.12967236,  0.1148773 ,  0.17664753,
        0.11496227,  0.16555752,  0.09153713,  0.21662485,  0.07609039,
        0.06688838,  0.02712197,  0.16228475,  0.08814779,  0.03266924,
        0.03573773,  0.0891391 , -0.06876916,  0.11385089,  0.02425466,
        0.0031954 ,  0.03302903,  0.04285767,  0.16987781,  0.03626866,
        0.04161188,  0.08561232,  0.00476366,  0.10027288,  0.12471613,
        0.02440361, -0.0087601 ,  0.00514335,  0.07952293,  0.05937378,
        0.05972793,  0.18521126,  0.04487965,  0.07762542,  0.07250789,
        0.1163299 ,  0.148259  ,  0.04801331,  0.07263554,  0.06345727,
        0.1670375 ,  0.06887579,  0.06239459,  0.17155522,  0.07165367,
        0.1668662 ,  0.07675457,  0.10565371,  0.0389622 ,  0.07725157,
        0.11048819,  0.18332703,  0.07712226,  0.08873933,  0.14783926,
        0.07998317,  0.07870689,  0.06718071,  0.09874365,  0.19223491,
        0.16396242,  0.10585948,  0.10940642,  0.12535901,  0.18937109,
        0.12202217,  0.17594947,  0.05256894,  0.08159511,  0.08443497,
        0.16650449,  0.09099867,  0.11354749,  0.09938955,  0.12105569,
        0.15447335,  0.04432017,  0.10339033,  0.07599558,  0.17837347,
        0.0136918 ,  0.03930573,  0.11187334,  0.080676  ,  0.18961231,
        0.09006041,  0.08891588,  0.12840492,  0.16628841,  0.21296437,
        0.13487384,  0.16817168,  0.09236706,  0.08469288,  0.00740014,
        0.04027711,  0.17125066,  0.21370456,  0.15737384,  0.35817058,
        0.17235752,  0.18229559,  0.12503785, -0.00889545, -0.00504839,
        0.10566904,  0.06286908,  0.09326746,  0.08396831,  0.08278072,
        0.114052  ,  0.01986568,  0.09674909,  0.11439891,  0.17429854,
        0.06076016,  0.11340699,  0.13282513,  0.05309015,  0.13731177,
        0.03172201,  0.09888781,  0.05587787,  0.0060671 ,  0.09683126,
       -0.00476685, -0.01483868,  0.02402661,  0.00973344,  0.09540373,
        0.06463951,  0.09286511,  0.06755349,  0.06980177,  0.01739076,
        0.07673551,  0.05792841,  0.12550796, -0.01114779, -0.05180945,
        0.01314705, -0.03215726, -0.06423867,  0.03986608,  0.01178657,
        0.00235468,  0.02275333,  0.03924135,  0.14438453,  0.07426838,
        0.00686379,  0.05996881,  0.06034463,  0.16596304,  0.13420071,
        0.08010064,  0.08587698,  0.05230686,  0.17830633,  0.05905828,
        0.03412636,  0.04613662, -0.10525893, -0.02166746, -0.10238845,
       -0.11163627, -0.06430866, -0.09664233, -0.08318125, -0.02918689,
       -0.06665649, -0.09790956, -0.08873558,  0.00100213, -0.02700247,
        0.02046025, -0.0953751 , -0.0993703 , -0.13999488, -0.12711507,
       -0.17169399, -0.13143551, -0.15944761, -0.09842145, -0.12410813,
       -0.15372024, -0.17431252, -0.10345087, -0.09124981, -0.14209447,
       -0.15879936,  0.13089742, -0.18089521, -0.10571416, -0.21484421,
       -0.20369821, -0.13475055, -0.15123288, -0.18593795, -0.19275562,
       -0.12005345, -0.21752933, -0.14915981, -0.15828152, -0.10329025,
       -0.23038987, -0.09664233, -0.09338754, -0.04409381,  0.01078919,
       -0.09839307, -0.15799509, -0.09081875, -0.18115987, -0.16243047,
       -0.17009377, -0.16505835, -0.14593949, -0.12592015, -0.15236854,
       -0.10545578, -0.11898773, -0.09065506, -0.10160447, -0.12650141,
       -0.09664233, -0.10664471, -0.19335545, -0.17848012, -0.19306933,
       -0.11100529, -0.20956187, -0.14858229, -0.22938886, -0.18947095,
       -0.13096187, -0.1035362 , -0.17937123, -0.12740217, -0.09903002,
       -0.08458522, -0.08935964, -0.22041897, -0.14884568, -0.09631413,
       -0.11965188, -0.05087869, -0.15562715, -0.15093052, -0.22080996,
       -0.1916621 , -0.26028111, -0.25614909, -0.18859201, -0.18219789,
       -0.1938935 , -0.21044727, -0.24606818, -0.18261149, -0.26575846,
       -0.26038687, -0.22006194, -0.23195502, -0.21960396, -0.17794342,
       -0.23401786, -0.2158502 , -0.19750536, -0.17488541, -0.31284088,
       -0.14930118, -0.2186091 , -0.16877073, -0.10199474, -0.24460944,
       -0.17364844, -0.17619826, -0.13423558, -0.08946859, -0.30320792,
       -0.3030784 , -0.26529147, -0.21352564, -0.02361224, -0.38393299,
       -0.33756974, -0.29274157, -0.28598638, -0.18351714, -0.35182689,
       -0.33339909, -0.3317918 , -0.38188006, -0.29572464, -0.20616676,
       -0.12081029, -0.39248428, -0.35482387, -0.29815061, -0.29932692,
       -0.2956802 , -0.18811506, -0.39006618, -0.37383543, -0.37974097,
       -0.43792072, -0.38727717, -0.31126713, -0.25993377, -0.26985628,
       -0.25637564, -0.3513274 , -0.42926722, -0.36001892, -0.3273012 ,
       -0.36067498, -0.33371432, -0.34262247, -0.33789513, -0.32473863,
       -0.35716326, -0.28949019, -0.31809902, -0.37918211, -0.36134045,
       -0.35194246, -0.39225764, -0.36423795, -0.30574348, -0.26563651,
       -0.31742771, -0.30705469, -0.3707717 , -0.36505146, -0.38734091,
       -0.40798643, -0.31485143, -0.39804239, -0.30651364, -0.39469249,
       -0.37396553, -0.36105943, -0.42412962, -0.37914734, -0.37292167,
       -0.34010549, -0.40933806, -0.32516621, -0.30289614, -0.34752997,
       -0.41608919, -0.39439441, -0.42951267, -0.34176844, -0.35791969,
       -0.34881018, -0.32161368, -0.28466046, -0.26230086, -0.35046827,
       -0.32542039, -0.30113028, -0.29172925, -0.22753922, -0.39031204,
       -0.40384316, -0.39975854, -0.39968929, -0.3121141 , -0.33602148,
       -0.37476852, -0.32586495, -0.38094447, -0.31201611, -0.31761198,
       -0.2396838 , -0.22577079, -0.13156705]), array([0.00114367, 0.00093108, 0.00069724, 0.00251597, 0.00292781,
       0.00047414, 0.00040981, 0.00220695, 0.00282969, 0.000313  ,
       0.00084289, 0.00066313, 0.00116352, 0.0017527 , 0.00065468,
       0.00200884, 0.00215218, 0.00206791, 0.00092775, 0.00041397,
       0.0009141 , 0.00091155, 0.00024121, 0.00030347, 0.00029609,
       0.00168826, 0.00099675, 0.0003582 , 0.00051103, 0.00085629,
       0.00152195, 0.00191095, 0.00177105, 0.00121611, 0.00033489,
       0.0003346 , 0.00041209, 0.00124036, 0.00135466, 0.00036111,
       0.00054424, 0.00038847, 0.00145304, 0.0014466 , 0.00064345,
       0.00067068, 0.00049071, 0.00145248, 0.00180578, 0.00028617,
       0.00038646, 0.00114542, 0.00037669, 0.00131564, 0.00030881,
       0.00033431, 0.00045248, 0.00101414, 0.00106501, 0.00033345,
       0.00030447, 0.00024562, 0.00081762, 0.00092894, 0.00237349,
       0.00467485, 0.00061582, 0.00161678, 0.00205001, 0.00118087,
       0.00212427, 0.00059691, 0.00125041, 0.00115696, 0.00036546,
       0.0003652 , 0.00112688, 0.00150842, 0.00024614, 0.00023561,
       0.00028273, 0.00068098, 0.00022022, 0.00020514, 0.00024857,
       0.00055546, 0.00059007, 0.00111469, 0.00039792, 0.00069068,
       0.00144007, 0.00164905, 0.00050133, 0.00069332, 0.00068338,
       0.00259508, 0.00254605, 0.00019411, 0.00020187, 0.00063423,
       0.00070129, 0.00164513, 0.00109743, 0.00362105, 0.00478485,
       0.00147639, 0.00332069, 0.00063842, 0.00115309, 0.00113394,
       0.0023556 , 0.00553902, 0.00067351, 0.00177319, 0.00135753,
       0.00024642, 0.00022   , 0.0006628 , 0.00032679, 0.00030128,
       0.00125117, 0.00030533, 0.00132552, 0.00054489, 0.00044517,
       0.00121777, 0.00038814, 0.00107326, 0.00177919, 0.00112129,
       0.00047105, 0.00085217, 0.00090577, 0.00134088, 0.00073484,
       0.00142482, 0.00055914, 0.00157838, 0.00063563, 0.0017873 ,
       0.00118149, 0.00140246, 0.00228462, 0.00020372, 0.00070971,
       0.00022339, 0.00067846, 0.00104435, 0.00068748, 0.00044973,
       0.00139551, 0.00180436, 0.00025169, 0.00028295, 0.00030384,
       0.00089693, 0.00109159, 0.00035777, 0.00040157, 0.00037244,
       0.00116567, 0.00135072, 0.00057641, 0.00044539, 0.00035379,
       0.00113529, 0.00125773, 0.0005269 , 0.00036625, 0.00024015,
       0.00079885, 0.00103937, 0.00029849, 0.00041929, 0.00038304,
       0.00165917, 0.00189504, 0.00038058, 0.00041688, 0.0003765 ,
       0.00120318, 0.00125444, 0.00151078, 0.00041094, 0.00078918,
       0.00102784, 0.00113548, 0.00022794, 0.00024932, 0.00044051,
       0.00043062, 0.00027612, 0.00031502, 0.00031606, 0.00096066,
       0.00091042, 0.01553807, 0.0009534 , 0.00050304, 0.00044266,
       0.00042951, 0.00025545, 0.00018779, 0.00054313, 0.00075578,
       0.00074597, 0.00143847, 0.00055978, 0.0004784 , 0.00055983,
       0.00262639, 0.00066673, 0.00185558, 0.00219557, 0.00403047,
       0.00404573, 0.00117757, 0.0005944 , 0.00035737, 0.00101242,
       0.00102649, 0.00019987, 0.00025976, 0.00077361, 0.00083476,
       0.000362  , 0.00123162, 0.00036017, 0.00144538, 0.00167562,
       0.00078077, 0.00035792, 0.0008669 , 0.00088722, 0.0002171 ,
       0.00024757, 0.00077438, 0.00024845, 0.00063713, 0.0002096 ,
       0.00026174, 0.00022107, 0.00072231, 0.00065384, 0.00080651,
       0.00253872, 0.00184397, 0.001025  , 0.00038492, 0.00063705,
       0.00125525, 0.00127612, 0.00479461, 0.00208263, 0.00159783,
       0.00085377, 0.00149017, 0.00078213, 0.00046153, 0.00045697,
       0.00165179, 0.00160362, 0.00020782, 0.00023428, 0.00025472,
       0.00075217, 0.00088335, 0.00029903, 0.00027305, 0.00029457,
       0.00092555, 0.00093809, 0.00215083, 0.0011793 , 0.00096399,
       0.00047395, 0.00105054, 0.00327344, 0.00169797, 0.00118563,
       0.00234222, 0.00208368, 0.00078518, 0.00269364, 0.00032836,
       0.00062229, 0.0008463 , 0.00335108, 0.00408872, 0.00221049,
       0.00064046, 0.00110355, 0.00096036, 0.00163498, 0.00033672,
       0.00040665, 0.00028084, 0.00086058, 0.00095707, 0.00228887,
       0.01724569, 0.00479614, 0.00033533, 0.00050312, 0.00238304,
       0.00081151, 0.00457936, 0.00021197, 0.00027793, 0.00023925,
       0.00124486, 0.00093537, 0.00046857, 0.00182055, 0.00196784,
       0.00298459, 0.00157896, 0.00063179, 0.00137393, 0.00145973,
       0.00035616, 0.0004335 , 0.00046342, 0.00175753, 0.00216863,
       0.00047328, 0.00043464, 0.00178436, 0.00154314, 0.00031937,
       0.00038053, 0.00050501, 0.00187156, 0.00064302, 0.00058625,
       0.00211828, 0.00220896, 0.00184282, 0.00097471, 0.0004813 ,
       0.00118503, 0.0012118 , 0.00014524, 0.00015659, 0.00041932,
       0.00041719, 0.00065232, 0.00129527, 0.00065203, 0.0012754 ,
       0.00093723, 0.00132993, 0.00049018, 0.00154327, 0.00083165,
       0.00042433, 0.00023065, 0.00067022, 0.00077943, 0.00042374,
       0.00041   , 0.00045105, 0.00179238, 0.00212204, 0.00041197,
       0.00062071, 0.00047192, 0.00263312, 0.00245079, 0.00014265,
       0.00017211, 0.0007042 , 0.00065179, 0.00247356, 0.00127048,
       0.00056814, 0.00131413, 0.00117649, 0.00072398, 0.00069957,
       0.00382752, 0.00082667, 0.00361696]))
  kwargs: {}
  exception:
17999 18000 normal
Running object 17999
0.0
{'g': 2.2057827, 'r': 2.568015, 'i': 3.5001686, 'z': 3.3355742}
(89, 211)
26911
406.6999206429335
[-0.68332071  2.45851074 -0.00270007  0.03200121  0.01881046 -0.01025679
  0.65428042  1.04738632  0.9542964 ]
(89, 161)
22411
406.6999206429335
[-0.68332071  2.45851074 -0.00270007  0.03200121  0.01881046 -0.01025679
  0.65428042  1.04738632  0.9542964 ]
ROW: 17999 Tau: 2.458510743229565 V: -0.683320713988913 dMu: -0.002700070292351253
17999 18000 normal
Running object 17999
0.0
{'g': 2.2057827, 'r': 2.568015, 'i': 3.5001686, 'z': 3.3355742}
(5, 189)
1689
406.6892665018489
[-6.59051949e-01  2.55501729e+00 -1.98506985e-02 -9.88434482e-03
 -1.29564216e-03  1.63075805e-02  6.64630228e-01  1.04583305e+00
  9.59898431e-01]
(5, 139)
1389
406.6892665018489
[-6.59051949e-01  2.55501729e+00 -1.98506985e-02 -9.88434482e-03
 -1.29564216e-03  1.63075805e-02  6.64630228e-01  1.04583305e+00
  9.59898431e-01]
ROW: 17999 Tau: 2.5550172884655407 V: -0.6590519493091909 dMu: -0.01985069847696793
[-0.71974285  2.42789844]
17999 18000 normal
Running object 17999
0.0
{'g': 2.2057827, 'r': 2.568015, 'i': 3.5001686, 'z': 3.3355742}
(27, 80)
8180
406.8824050509429
[-6.86960839e-01  2.50273414e+00  1.04019940e-02  2.22364722e-02
  2.30850698e-03  8.59077924e-03  6.56830726e-01  1.04721323e+00
  9.62865387e-01]
(27, 30)
6780
406.8824050509429
[-6.86960839e-01  2.50273414e+00  1.04019940e-02  2.22364722e-02
  2.30850698e-03  8.59077924e-03  6.56830726e-01  1.04721323e+00
  9.62865387e-01]
ROW: 17999 Tau: 2.5027341410025272 V: -0.6869608385801558 dMu: 0.010401994022510455
[-0.69052659  2.49289123]
ROW: 17999 Tau: 2.4928912313877243 V: -0.6905265907222977
0.0
0.00390625
0.00390625
0.0
0.0
0.0
0.0
0.00390625
0.0
0.0
0.00390625
0.00390625
0.00390625
0.00390625
0.00390625
0.00390625
0.0
0.00390625
0.00390625
0.0
0.00390625
0.00390625
0.0
0.0
0.0
0.0
0.00390625
0.00390625
0.00390625
0.00390625
0.00390625
0.00390625
0.00390625
0.00390625
0.00390625
0.00390625
0.00390625
0.00390625
0.0
0.00390625
0.0
0.00390625
0.0
0.0
0.00390625
0.00390625
0.0
0.0
0.0
0.0
0.00390625
0.00390625
0.0
0.00390625
0.00390625
0.00390625
0.00390625
0.0
0.00390625
0.0
0.00390625
0.0
0.00390625
0.0
0.00390625
0.0
0.00390625
0.00390625
0.00390625
0.0
0.0
0.00390625
0.00390625
0.00390625
0.00390625
0.00390625
0.00390625
0.0
0.0
0.00390625
0.00390625
0.0
0.00390625
0.0
0.00390625
0.0
0.0
0.00390625
0.00390625
0.00390625
0.00390625
0.0
0.00390625
0.00390625
0.0
0.00390625
0.00390625
0.00390625
0.00390625
0.00390625
0.0
0.0
0.00390625
0.00390625
0.0
0.00390625
0.00390625
0.00390625
0.0
0.0
0.00390625
0.0
0.0
0.0
0.00390625
0.0
0.0
0.0
0.00390625
0.00390625
0.0
0.00390625
0.00390625
0.0
0.00390625
0.0
0.00390625
0.00390625
0.0
0.00390625
0.0
0.0
0.00390625
0.0
0.0
0.00390625
0.00390625
0.0
0.0
0.0
0.0
0.00390625
0.00390625
0.00390625
0.00390625
0.00390625
0.00390625
0.00390625
0.0
0.0
0.0
0.00390625
0.0
0.001953125
0.00390625
0.00390625
0.001953125
0.00390625
0.00390625
0.00390625
0.00390625
0.001953125
0.00390625
0.00390625
0.00390625
0.00390625
0.001953125
0.001953125
0.00390625
0.00390625
0.00390625
0.001953125
0.00390625
0.00390625
0.00390625
0.001953125
0.00390625
0.00390625
0.00390625
0.001953125
0.001953125
0.001953125
0.001953125
0.001953125
0.00390625
0.00390625
0.00390625
0.00390625
0.00390625
0.00390625
0.00390625
0.001953125
0.00390625
0.00390625
0.00390625
0.00390625
0.00390625
0.001953125
0.00390625
0.00390625
0.00390625
0.00390625
0.001953125
0.00390625
0.00390625
0.00390625
0.00390625
0.00390625
0.001953125
0.00390625
0.00390625
0.00390625
0.00390625
0.00390625
0.00390625
0.00390625
0.00390625
0.00390625
0.00390625
0.00390625
0.00390625
0.00390625
0.00390625
17999 18000 normal
Running object 17999
0.0
{'g': 2.2057827, 'r': 2.568015, 'i': 3.5001686, 'z': 3.3355742}
(44, 173)
13373
406.70982799402424
[-0.70989943  2.476104    0.01017762  0.00917654 -0.00299224 -0.03890807
  0.65983704  1.04340561  0.95959247]
(44, 123)
11123
406.70982799402424
[-0.70989943  2.476104    0.01017762  0.00917654 -0.00299224 -0.03890807
  0.65983704  1.04340561  0.95959247]
ROW: 17999 Tau: 2.4761040012292486 V: -0.7098994271878819 dMu: 0.010177616258609894
[-0.67500763  2.52468098]
ROW: 17999 Tau: 2.5246809823968213 V: -0.6750076305207651
0.0
0.00390625
0.00390625
0.0
0.0
0.0
0.0
0.00390625
0.0
0.0
0.00390625
0.00390625
0.00390625
0.00390625
0.00390625
0.00390625
0.0
0.00390625
0.00390625
0.0
0.00390625
0.00390625
0.0
0.0
0.0
0.0
0.00390625
0.00390625
0.00390625
0.00390625
0.00390625
0.00390625
0.00390625
0.00390625
0.00390625
0.00390625
0.00390625
0.00390625
0.0
0.00390625
0.0
0.00390625
0.0
0.0
0.00390625
0.00390625
0.0
0.0
0.0
0.0
0.00390625
0.00390625
0.0
0.00390625
0.00390625
0.00390625
0.00390625
0.0
0.00390625
0.0
0.00390625
0.0
0.00390625
0.0
0.00390625
0.0
0.00390625
0.00390625
0.00390625
0.0
0.0
0.00390625
0.00390625
0.00390625
0.00390625
0.00390625
0.00390625
0.0
0.0
0.00390625
0.00390625
0.0
0.00390625
0.0
0.00390625
0.0
0.0
0.00390625
0.00390625
0.00390625
0.00390625
0.0
0.00390625
0.00390625
0.0
0.00390625
0.00390625
0.00390625
0.00390625
0.00390625
0.0
0.0
0.00390625
0.00390625
0.0
0.00390625
0.00390625
0.00390625
0.0
0.0
0.00390625
0.0
0.0
0.0
0.00390625
0.0
0.0
0.0
0.00390625
0.00390625
0.0
0.00390625
0.00390625
0.0
0.00390625
0.0
0.00390625
0.00390625
0.0
0.00390625
0.0
0.0
0.00390625
0.0
0.0
0.00390625
0.00390625
0.0
0.0
0.0
0.0
0.00390625
0.00390625
0.00390625
0.00390625
0.00390625
0.00390625
0.00390625
0.0
0.0
0.0
0.00390625
0.0
0.001953125
0.00390625
0.00390625
0.001953125
0.00390625
0.00390625
0.00390625
0.00390625
0.001953125
0.00390625
0.00390625
0.00390625
0.00390625
0.001953125
0.001953125
0.00390625
0.00390625
0.00390625
0.001953125
0.00390625
0.00390625
0.00390625
0.001953125
0.00390625
0.00390625
0.00390625
0.001953125
0.001953125
0.001953125
0.001953125
0.001953125
0.00390625
0.00390625
0.00390625
0.00390625
0.00390625
0.00390625
0.00390625
0.001953125
0.00390625
0.00390625
0.00390625
0.00390625
0.00390625
0.001953125
0.00390625
0.00390625
0.00390625
0.00390625
0.001953125
0.00390625
0.00390625
0.00390625
0.00390625
0.00390625
0.001953125
0.00390625
0.00390625
0.00390625
0.00390625
0.00390625
0.00390625
0.00390625
0.00390625
0.00390625
0.00390625
0.00390625
0.00390625
0.00390625
0.00390625
