0 10 normal
Running object 0
{'g': 0.5060776, 'r': 0.88196576, 'i': 0.86586434, 'z': 0.9241699}
Trying optimal initialization
emcee: Exception while calling your likelihood function:
  params: [-1.11998145  0.67242757  0.17738093 -0.01152918  0.16260951 -0.01429858
  0.15831595  0.03893038  0.06003664]
  args: (array([56285.22265625, 56285.2265625 , 56290.21484375, 56299.0859375 ,
       56299.0859375 , 56299.08984375, 56309.1875    , 56331.0703125 ,
       56331.0703125 , 56331.07421875, 56331.078125  , 56543.3125    ,
       56543.3203125 , 56547.26953125, 56547.2734375 , 56547.2734375 ,
       56547.27734375, 56552.27734375, 56559.19140625, 56559.1953125 ,
       56559.19921875, 56563.19921875, 56563.203125  , 56563.203125  ,
       56563.20703125, 56575.1953125 , 56575.1953125 , 56575.19921875,
       56575.19921875, 56579.18359375, 56579.1875    , 56594.13671875,
       56594.140625  , 56602.1171875 , 56602.12109375, 56602.12109375,
       56602.125     , 56602.12890625, 56615.1015625 , 56615.10546875,
       56625.18359375, 56625.19140625, 56625.19140625, 56628.078125  ,
       56628.08203125, 56628.08203125, 56635.1328125 , 56635.13671875,
       56645.078125  , 56649.17578125, 56653.0859375 , 56653.09375   ,
       56660.09375   , 56660.09765625, 56667.12109375, 56682.08984375,
       56686.12890625, 56887.390625  , 56887.39453125, 56887.3984375 ,
       56891.40234375, 56904.296875  , 56904.30078125, 56904.30078125,
       56920.31640625, 56927.23828125, 56927.24609375, 56943.23046875,
       56943.234375  , 56943.23828125, 56943.23828125, 56949.32421875,
       56949.328125  , 56949.33203125, 56949.33203125, 56960.2734375 ,
       56960.27734375, 56960.28125   , 56980.31640625, 56980.328125  ,
       56988.03125   , 56988.03515625, 56988.03515625, 56988.0390625 ,
       56992.13671875, 56992.140625  , 56992.14453125, 57008.12109375,
       57012.0859375 , 57012.0859375 , 57012.08984375, 57012.08984375,
       57019.07421875, 57019.07421875, 57019.078125  , 57026.17578125,
       57047.09765625, 57066.03515625, 57255.4140625 , 57255.4140625 ,
       57265.3671875 , 57265.37109375, 57278.234375  , 57286.2578125 ,
       57311.36328125, 57325.12890625, 57329.21484375, 57329.21484375,
       57332.078125  , 57332.078125  , 57332.08203125, 57345.3125    ,
       57345.3203125 , 57355.24609375, 57365.18359375, 57365.19140625,
       57365.19140625, 57372.23828125, 57372.2421875 , 57385.15625   ,
       57408.07421875, 57425.1484375 ]), array([-0.04936848,  0.02273537, -0.20514186, -0.14489122, -0.02561802,
        0.06566817, -0.037563  ,  0.10636213,  0.13019852,  0.28800997,
        0.20683086,  0.06810305,  0.13329662,  0.08148468, -0.01506974,
        0.1755719 , -0.01114673,  0.55958664,  0.81482947,  0.00987217,
        0.2168493 ,  0.0630067 ,  0.00461954,  0.03105799,  0.17057815,
       -0.14250365, -0.1325729 , -0.14741866, -0.12231127, -0.00209172,
        0.06634693,  0.19269605,  0.63504529, -0.28489819, -0.21569271,
       -0.18068406, -0.21623582,  0.08367638,  0.06410775,  0.00208991,
       -0.1276506 , -0.14422826, -0.1400373 , -0.11433487, -0.08178164,
        0.39310497,  0.11835951, -0.06635957, -0.00461961,  0.35626215,
        0.15267356,  0.29115567, -0.25085697, -0.19929825, -0.10307168,
       -0.01858433,  0.19342925, -0.04446314, -0.2236992 , -0.02215176,
        0.44163191,  0.        ,  0.24013869,  0.2491353 , -0.07598479,
       -0.07693646,  0.11832803, -0.10701713, -0.1506201 , -0.09790418,
       -0.09446173, -0.18460944, -0.21077192, -0.32193515, -0.02617292,
        0.05289638,  0.00105557,  0.32936296, -0.2188241 , -0.10453565,
       -0.08035322, -0.04228889,  0.21439655, -0.0182318 ,  0.01123625,
       -0.14824717, -0.02660336, -0.06250603,  0.05827067,  0.068338  ,
       -0.0455546 ,  0.11227967,  0.08229793,  0.16578317,  0.16207278,
       -0.0103526 , -0.16200311,  0.38701349,  0.15862291,  0.2981146 ,
        0.23262802,  0.06357525, -0.06883045,  0.55302078, -0.00208997,
        0.04811726,  0.10532273,  0.19402941, -0.11819284,  0.07021254,
        0.45518756,  0.13944972,  0.39092478,  0.1524453 , -0.23919496,
       -0.26336089, -0.21040106, -0.12501033,  0.        , -0.17644021,
       -0.0698754 ,  0.33507046]), array([0.01110233, 0.01153053, 0.02309123, 0.00325831, 0.00207508,
       0.0048069 , 0.00822243, 0.00314005, 0.00949722, 0.02004944,
       0.01983322, 0.0037057 , 0.01367892, 0.00260398, 0.00383967,
       0.01079781, 0.01230333, 0.02206026, 0.04830062, 0.01036575,
       0.01408478, 0.00615702, 0.00293857, 0.00518251, 0.01529325,
       0.00318249, 0.00176437, 0.00765411, 0.00765775, 0.00710658,
       0.01992338, 0.00594471, 0.03561785, 0.00234757, 0.00145702,
       0.00301262, 0.00870545, 0.00923726, 0.01205929, 0.02038352,
       0.00182726, 0.00810389, 0.00933247, 0.00233608, 0.00520022,
       0.01756654, 0.00666776, 0.0163413 , 0.01106972, 0.02058125,
       0.01190856, 0.0189138 , 0.00354208, 0.00955567, 0.008874  ,
       0.01381746, 0.01582769, 0.00329122, 0.00392865, 0.01116217,
       0.0266778 , 0.00726005, 0.01659206, 0.00657076, 0.00593114,
       0.0053752 , 0.0127443 , 0.00475866, 0.00375491, 0.00608263,
       0.0062496 , 0.00240453, 0.00306095, 0.00787268, 0.00776213,
       0.00497662, 0.01213324, 0.0255455 , 0.00308278, 0.01098064,
       0.00327212, 0.00651761, 0.02037783, 0.02201081, 0.00733189,
       0.00615767, 0.01216927, 0.00911981, 0.00217126, 0.00358678,
       0.00895168, 0.00961277, 0.00661323, 0.00562991, 0.01595575,
       0.02466573, 0.02180011, 0.0138711 , 0.00826284, 0.01186175,
       0.0125706 , 0.01393596, 0.00667631, 0.03205173, 0.01975346,
       0.01975644, 0.00412969, 0.00866142, 0.00813431, 0.00444078,
       0.0238113 , 0.00993341, 0.02847246, 0.01701434, 0.00124875,
       0.00567643, 0.00644355, 0.01469147, 0.01162855, 0.0124438 ,
       0.02310798, 0.00632091]), array([[0, 0, 0, 1, 0, 0, 0, 0, 0, 0, 0, 0, 0, 0, 0, 0, 0, 0, 1, 0, 0, 1,
        0, 0, 0, 0, 0, 0, 0, 0, 0, 0, 0, 1, 0, 0, 0, 0, 0, 0, 0, 0, 0, 0,
        0, 0, 0, 0, 0, 0, 1, 0, 0, 0, 0, 0, 0, 0, 0, 0, 0, 1, 0, 0, 0, 0,
        0, 0, 0, 0, 0, 0, 0, 0, 0, 0, 0, 0, 1, 0, 0, 0, 0, 0, 0, 0, 0, 0,
        0, 0, 0, 0, 0, 0, 0, 0, 0, 0, 0, 0, 0, 0, 1, 0, 0, 0, 0, 0, 0, 0,
        0, 1, 0, 0, 0, 0, 0, 0, 0, 0, 0, 0],
       [1, 0, 0, 0, 1, 0, 0, 1, 0, 0, 0, 1, 0, 1, 0, 0, 0, 0, 0, 0, 0, 0,
        1, 0, 0, 0, 1, 0, 0, 0, 0, 1, 0, 0, 1, 0, 0, 0, 0, 0, 1, 0, 0, 1,
        0, 0, 0, 0, 1, 0, 0, 0, 0, 0, 0, 0, 0, 1, 0, 0, 0, 0, 0, 0, 0, 0,
        0, 1, 0, 0, 0, 1, 0, 0, 0, 1, 0, 0, 0, 0, 1, 0, 0, 0, 1, 0, 0, 0,
        1, 0, 0, 0, 0, 1, 0, 0, 0, 0, 1, 0, 0, 0, 0, 0, 0, 0, 1, 0, 0, 1,
        0, 0, 0, 0, 1, 0, 0, 1, 0, 0, 0, 1],
       [0, 1, 0, 0, 0, 1, 1, 0, 1, 0, 0, 0, 0, 0, 1, 0, 0, 0, 0, 1, 0, 0,
        0, 1, 0, 1, 0, 0, 0, 1, 0, 0, 0, 0, 0, 1, 0, 0, 1, 0, 0, 0, 0, 0,
        1, 0, 1, 0, 0, 0, 0, 0, 1, 0, 1, 0, 0, 0, 1, 0, 0, 0, 0, 1, 0, 1,
        0, 0, 1, 0, 0, 0, 1, 0, 0, 0, 1, 0, 0, 0, 0, 1, 0, 0, 0, 1, 0, 0,
        0, 1, 0, 0, 1, 0, 0, 0, 0, 1, 0, 1, 1, 0, 0, 0, 0, 0, 0, 1, 1, 0,
        0, 0, 0, 0, 0, 0, 0, 0, 1, 0, 0, 0],
       [0, 0, 1, 0, 0, 0, 0, 0, 0, 1, 1, 0, 1, 0, 0, 1, 1, 1, 0, 0, 1, 0,
        0, 0, 1, 0, 0, 1, 1, 0, 1, 0, 1, 0, 0, 0, 1, 1, 0, 1, 0, 1, 1, 0,
        0, 1, 0, 1, 0, 1, 0, 1, 0, 1, 0, 1, 1, 0, 0, 1, 1, 0, 1, 0, 1, 0,
        1, 0, 0, 1, 1, 0, 0, 1, 1, 0, 0, 1, 0, 1, 0, 0, 1, 1, 0, 0, 1, 1,
        0, 0, 1, 1, 0, 0, 1, 1, 1, 0, 0, 0, 0, 1, 0, 1, 1, 1, 0, 0, 0, 0,
        1, 0, 1, 1, 0, 1, 1, 0, 0, 1, 1, 0]]))
  kwargs: {}
  exception:
0 10 normal
Running object 0
{'g': 0.5060776, 'r': 0.88196576, 'i': 0.86586434, 'z': 0.9241699}
Trying optimal initialization
(63, 785)
189785
117.20553380429955
[-1.21273581e+00  8.47102512e-01 -7.66943068e-05  5.50650502e-03
 -1.30564285e-02  5.25454029e-03  2.14784120e-01  2.20794230e-01
  1.63037781e-01]
(63, 735)
186585
117.20553380429955
[-1.21273581e+00  8.47102512e-01 -7.66943068e-05  5.50650502e-03
 -1.30564285e-02  5.25454029e-03  2.14784120e-01  2.20794230e-01
  1.63037781e-01]
ROW: 0 Tau: 0.8471025117838795 V: -1.2127358149039247 dMu: -7.66943068477785e-05
Running object 1
{'g': 1.0588357, 'r': 1.097474, 'i': 1.1705, 'z': 1.5961295}
Trying optimal initialization
Falling back to normal initialization
(9, 2248)
29248
422.51549069453125
[-2.79437116e+00  3.71064450e+00 -6.73700096e-03 -1.64082682e-03
  1.21203060e-03 -3.71557014e-02  1.79872071e-02  2.98619817e-02
 -3.32650312e-03]
(9, 2198)
28748
422.51549069453125
[-2.79437116e+00  3.71064450e+00 -6.73700096e-03 -1.64082682e-03
  1.21203060e-03 -3.71557014e-02  1.79872071e-02  2.98619817e-02
 -3.32650312e-03]
ROW: 1 Tau: 3.710644503446696 V: -2.7943711638620794 dMu: -0.006737000960306133
Running object 2
{'g': 0.3361088, 'r': 1.2054077, 'i': 3.47971, 'z': 5.483386}
Trying optimal initialization
Falling back to normal initialization
(52, 2920)
158920
391.16954010537614
[-2.92098219e+00  3.67399689e+00  2.77280747e-03 -4.01652331e-04
  7.39748170e-03  8.70240835e-03  2.72008506e-02  6.30835016e-02
 -1.22984053e-02]
(52, 2870)
156270
391.16954010537614
[-2.92098219e+00  3.67399689e+00  2.77280747e-03 -4.01652331e-04
  7.39748170e-03  8.70240835e-03  2.72008506e-02  6.30835016e-02
 -1.22984053e-02]
ROW: 2 Tau: 3.67399688705542 V: -2.9209821907509705 dMu: 0.0027728074675278137
Running object 3
{'g': 0.43658927, 'r': 1.6448604, 'i': 4.9906187, 'z': 7.9101295}
Trying optimal initialization
Falling back to normal initialization
(55, 943)
165943
439.6843072438429
[-2.93920291e+00  3.68712789e+00  2.65072809e-02  3.36758542e-03
 -3.11544269e-03 -3.00127136e-02 -8.80297829e-02  2.36353896e-02
  3.55507162e-02]
(55, 893)
163143
439.6843072438429
[-2.93920291e+00  3.68712789e+00  2.65072809e-02  3.36758542e-03
 -3.11544269e-03 -3.00127136e-02 -8.80297829e-02  2.36353896e-02
  3.55507162e-02]
ROW: 3 Tau: 3.6871278920974646 V: -2.9392029133926347 dMu: 0.026507280920812983
Running object 4
{'g': 0.3672936, 'r': 1.7518214, 'i': 3.1428778, 'z': 4.212097}
Trying optimal initialization
Falling back to normal initialization
(58, 1901)
175901
453.59012687974155
[-2.99644521e+00  3.46625514e+00  4.24587591e-02 -1.29703933e-03
 -2.82041880e-02  2.13169922e-02 -8.24824986e-03 -1.65490618e-03
  1.53751982e-02]
(58, 1851)
172951
453.59012687974155
[-2.99644521e+00  3.46625514e+00  4.24587591e-02 -1.29703933e-03
 -2.82041880e-02  2.13169922e-02 -8.24824986e-03 -1.65490618e-03
  1.53751982e-02]
ROW: 4 Tau: 3.466255142163516 V: -2.9964452064817118 dMu: 0.04245875908393443
Running object 5
{'g': 3.637891, 'r': 13.403056, 'i': 33.39312, 'z': 48.8948}
Trying optimal initialization
Falling back to normal initialization
(44, 2059)
134059
916.5014365609632
[-2.96788604e+00  3.68531262e+00  1.54646502e-02  2.90271808e-04
  8.07068259e-03 -7.93383895e-03 -1.27440163e-02 -4.36122276e-04
  3.88903639e-02]
(44, 2009)
131809
916.5014365609632
[-2.96788604e+00  3.68531262e+00  1.54646502e-02  2.90271808e-04
  8.07068259e-03 -7.93383895e-03 -1.27440163e-02 -4.36122276e-04
  3.88903639e-02]
ROW: 5 Tau: 3.6853126185574236 V: -2.967886042292954 dMu: 0.015464650179894894
Running object 6
{'g': 1.3889608, 'r': 3.6115189, 'i': 5.0967503, 'z': 6.1842613}
Trying optimal initialization
Falling back to normal initialization
(81, 2599)
245599
390.35149006957977
[-2.86604409e+00  3.85877800e+00  6.97525241e-03  1.89572404e-03
 -2.39038201e-02 -1.73296526e-02  1.74952857e-02  8.53843666e-02
  5.72446289e-03]
(81, 2549)
241499
390.35149006957977
[-2.86604409e+00  3.85877800e+00  6.97525241e-03  1.89572404e-03
 -2.39038201e-02 -1.73296526e-02  1.74952857e-02  8.53843666e-02
  5.72446289e-03]
ROW: 6 Tau: 3.858778001829201 V: -2.866044089740052 dMu: 0.006975252406055316
Running object 7
{'g': 0.32046163, 'r': 0.5349254, 'i': 0.79403913, 'z': 0.9041529}
Trying optimal initialization
Falling back to normal initialization
(46, 2263)
140263
214.0901180835508
[-2.55974078e+00  3.67012939e+00  2.58574294e-02 -4.96838624e-03
 -3.50006029e-03  1.69702182e-02  7.20475276e-02 -3.31042160e-03
  3.61725661e-03]
(46, 2213)
137913
214.0901180835508
[-2.55974078e+00  3.67012939e+00  2.58574294e-02 -4.96838624e-03
 -3.50006029e-03  1.69702182e-02  7.20475276e-02 -3.31042160e-03
  3.61725661e-03]
ROW: 7 Tau: 3.6701293859976896 V: -2.5597407753206167 dMu: 0.025857429367815238
Running object 8
{'g': 0.582807, 'r': 0.79768914, 'i': 0.8124022, 'z': 0.8949821}
Trying optimal initialization
(76, 2616)
230616
119.50179588921101
[-2.46025071e+00  3.88155454e+00 -3.46215674e-02 -1.76038326e-03
 -1.40684638e-02  8.49653691e-03  8.93843527e-02 -2.46974227e-02
 -5.06261668e-03]
(76, 2566)
226766
119.50179588921101
[-2.46025071e+00  3.88155454e+00 -3.46215674e-02 -1.76038326e-03
 -1.40684638e-02  8.49653691e-03  8.93843527e-02 -2.46974227e-02
 -5.06261668e-03]
ROW: 8 Tau: 3.881554537184077 V: -2.460250709413486 dMu: -0.03462156743589903
Running object 9
{'g': 5.3932533, 'r': 20.998175, 'i': 73.470726, 'z': 123.46183}
Trying optimal initialization
Falling back to normal initialization
(35, 2833)
107833
1007.0873607109735
[-2.99185108e+00  3.67840168e+00  5.89341610e-03  4.26603594e-04
  2.33661961e-02 -3.32059299e-02  4.92762057e-02 -2.39228070e-02
  8.42876468e-04]
(35, 2783)
106033
1007.0873607109735
[-2.99185108e+00  3.67840168e+00  5.89341610e-03  4.26603594e-04
  2.33661961e-02 -3.32059299e-02  4.92762057e-02 -2.39228070e-02
  8.42876468e-04]
ROW: 9 Tau: 3.678401678507602 V: -2.9918510810097483 dMu: 0.0058934161032462365
