63815 63816 optimal
Running object 63815
{'g': 1.0244583, 'r': 1.4031603, 'i': 1.7633209, 'z': 1.7331656}
(96, 252)
29052
437.55585193752574
[-5.55051399e-01  3.03858428e+00  7.91931457e-03 -5.12038902e-03
  4.03485721e-04  1.43773030e-02  5.97125275e-01  1.13102471e+00
  1.08488385e+00]
(96, 202)
24202
437.55585193752574
[-5.55051399e-01  3.03858428e+00  7.91931457e-03 -5.12038902e-03
  4.03485721e-04  1.43773030e-02  5.97125275e-01  1.13102471e+00
  1.08488385e+00]
ROW: 63815 Tau: 3.038584281408893 V: -0.5550513989399976 dMu: 0.007919314567742655
60141 60142 optimal
Running object 60141
{'g': 1.6392, 'r': 1.8554038, 'i': 2.6227076, 'z': 2.6677506}
emcee: Exception while calling your likelihood function:
  params: [-0.82953515  2.90208202 -0.2271525  -0.03076955  0.09331978  0.13243882
  0.62311985  0.93805512  0.94862583]
  args: (array([56266.25390625, 56266.25390625, 56266.2578125 , 56266.26171875,
       56266.26171875, 56268.1171875 , 56271.2890625 , 56271.29296875,
       56271.296875  , 56277.20703125, 56277.20703125, 56277.2109375 ,
       56285.22265625, 56285.22265625, 56285.2265625 , 56285.2265625 ,
       56285.23046875, 56290.20703125, 56290.20703125, 56290.2109375 ,
       56290.21484375, 56290.21484375, 56299.0859375 , 56299.0859375 ,
       56299.08984375, 56299.08984375, 56299.09375   , 56309.18359375,
       56309.1875    , 56309.1875    , 56309.19140625, 56309.1953125 ,
       56322.1171875 , 56322.125     , 56326.11328125, 56326.1171875 ,
       56326.1171875 , 56326.12109375, 56326.125     , 56331.06640625,
       56331.0703125 , 56331.0703125 , 56331.07421875, 56331.078125  ,
       56534.21875   , 56534.21875   , 56534.22265625, 56534.2265625 ,
       56534.2265625 , 56538.36328125, 56538.3671875 , 56538.37109375,
       56538.37109375, 56538.375     , 56543.30859375, 56543.3125    ,
       56543.3125    , 56543.31640625, 56543.3203125 , 56547.26953125,
       56547.26953125, 56547.2734375 , 56547.2734375 , 56547.27734375,
       56551.25390625, 56552.27734375, 56552.27734375, 56552.28125   ,
       56559.19140625, 56559.19140625, 56559.1953125 , 56559.19921875,
       56559.19921875, 56563.19921875, 56563.203125  , 56563.203125  ,
       56563.20703125, 56563.2109375 , 56567.21875   , 56567.22265625,
       56567.22265625, 56567.2265625 , 56567.23046875, 56575.19140625,
       56575.1953125 , 56575.1953125 , 56575.19921875, 56575.19921875,
       56579.1796875 , 56579.18359375, 56579.1875    , 56579.19140625,
       56594.1328125 , 56594.13671875, 56594.13671875, 56594.140625  ,
       56594.140625  , 56602.1171875 , 56602.12109375, 56602.12109375,
       56602.125     , 56602.12890625, 56607.05859375, 56607.05859375,
       56607.0625    , 56607.06640625, 56614.07421875, 56614.07421875,
       56614.078125  , 56614.08203125, 56614.08203125, 56615.09765625,
       56615.09765625, 56615.1015625 , 56615.1015625 , 56615.10546875,
       56625.18359375, 56625.18359375, 56625.1875    , 56625.19140625,
       56625.19140625, 56628.07421875, 56628.078125  , 56628.08203125,
       56628.08203125, 56628.0859375 , 56635.12890625, 56635.12890625,
       56635.1328125 , 56635.1328125 , 56635.13671875, 56645.078125  ,
       56645.078125  , 56645.08203125, 56645.0859375 , 56645.0859375 ,
       56649.1640625 , 56649.16796875, 56649.171875  , 56649.171875  ,
       56649.17578125, 56653.0859375 , 56653.08984375, 56653.08984375,
       56653.09375   , 56653.09375   , 56660.08984375, 56660.08984375,
       56660.09375   , 56660.09375   , 56660.09765625, 56667.1171875 ,
       56667.1171875 , 56667.12109375, 56667.125     , 56667.125     ,
       56682.08203125, 56682.08203125, 56682.0859375 , 56682.08984375,
       56682.08984375, 56686.12109375, 56686.12109375, 56686.125     ,
       56686.12890625, 56686.12890625, 56693.03515625, 56693.03515625,
       56693.0390625 , 56693.04296875, 56693.04296875, 56887.390625  ,
       56887.390625  , 56887.39453125, 56887.3984375 , 56887.3984375 ,
       56891.390625  , 56891.39453125, 56891.39453125, 56891.3984375 ,
       56891.40234375, 56904.296875  , 56904.296875  , 56904.30078125,
       56904.30078125, 56904.3046875 , 56912.34375   , 56912.34765625,
       56912.34765625, 56912.3515625 , 56912.3515625 , 56920.3046875 ,
       56920.30859375, 56920.30859375, 56920.3125    , 56920.31640625,
       56927.234375  , 56927.23828125, 56927.23828125, 56927.2421875 ,
       56927.24609375, 56943.23046875, 56943.23046875, 56943.234375  ,
       56943.23828125, 56943.23828125, 56949.32421875, 56949.32421875,
       56949.328125  , 56949.33203125, 56949.33203125, 56956.3359375 ,
       56956.33984375, 56956.34375   , 56956.34375   , 56956.34765625,
       56960.26953125, 56960.2734375 , 56960.27734375, 56960.27734375,
       56960.28125   , 56966.35546875, 56966.359375  , 56966.36328125,
       56973.31640625, 56973.31640625, 56973.3203125 , 56973.3203125 ,
       56973.32421875, 56980.31640625, 56980.3203125 , 56980.3203125 ,
       56980.32421875, 56980.328125  , 56988.03125   , 56988.03125   ,
       56988.03515625, 56988.03515625, 56988.0390625 , 56992.13671875,
       56992.13671875, 56992.140625  , 56992.14453125, 56992.14453125,
       57008.109375  , 57008.11328125, 57008.1171875 , 57008.1171875 ,
       57008.12109375, 57012.08203125, 57012.0859375 , 57012.0859375 ,
       57012.08984375, 57012.08984375, 57018.07421875, 57018.078125  ,
       57018.08203125, 57019.0703125 , 57019.07421875, 57019.07421875,
       57019.078125  , 57019.078125  , 57026.16796875, 57026.16796875,
       57026.171875  , 57026.171875  , 57026.17578125, 57033.16015625,
       57033.1640625 , 57033.1640625 , 57033.16796875, 57033.171875  ,
       57040.17578125, 57040.17578125, 57040.1796875 , 57040.18359375,
       57040.18359375, 57047.0859375 , 57047.08984375, 57047.08984375,
       57047.09375   , 57047.09765625, 57054.03515625, 57054.03515625,
       57054.0390625 , 57054.0390625 , 57054.04296875, 57061.140625  ,
       57061.14453125, 57061.1484375 , 57061.1484375 , 57061.15234375,
       57066.03515625, 57066.03515625, 57249.421875  , 57255.41015625,
       57255.4140625 , 57255.4140625 , 57255.41796875, 57255.421875  ,
       57265.36328125, 57265.3671875 , 57265.3671875 , 57265.37109375,
       57265.37109375, 57276.34375   , 57276.3515625 , 57278.234375  ,
       57278.234375  , 57278.23828125, 57278.2421875 , 57278.2421875 ,
       57286.2578125 , 57304.17578125, 57304.1796875 , 57304.18359375,
       57304.18359375, 57311.35546875, 57311.359375  , 57311.359375  ,
       57311.36328125, 57311.36328125, 57315.234375  , 57315.234375  ,
       57315.23828125, 57319.15625   , 57325.12109375, 57325.12109375,
       57325.125     , 57325.12890625, 57325.12890625, 57329.2109375 ,
       57329.21484375, 57329.21484375, 57329.21875   , 57329.22265625,
       57332.078125  , 57332.078125  , 57332.08203125, 57332.0859375 ,
       57339.296875  , 57339.296875  , 57339.30078125, 57339.30078125,
       57339.3046875 , 57345.3125    , 57345.3125    , 57345.31640625,
       57345.3203125 , 57345.3203125 , 57355.23828125, 57355.23828125,
       57355.2421875 , 57355.24609375, 57355.24609375, 57365.18359375,
       57365.18359375, 57365.1875    , 57365.19140625, 57365.19140625,
       57372.23828125, 57372.23828125, 57372.2421875 , 57375.046875  ,
       57375.05078125, 57375.05078125, 57375.0546875 , 57385.1484375 ,
       57385.15234375, 57385.15234375, 57385.15625   , 57385.15625   ,
       57389.1484375 , 57389.15234375, 57389.15234375, 57389.15625   ,
       57389.16015625, 57394.15625   , 57394.16015625, 57394.16015625,
       57394.1640625 , 57394.16796875, 57401.13671875, 57401.13671875,
       57401.140625  , 57401.14453125, 57401.14453125, 57408.06640625,
       57408.06640625, 57408.0703125 , 57408.0703125 , 57408.07421875,
       57425.14453125, 57425.1484375 , 57425.15234375, 57425.15625   ]), array([ 1.29765734e-01,  2.95014918e-01,  8.53299126e-02, -1.24448619e-03,
        1.64346710e-01,  7.78455734e-02,  1.14238620e-01,  1.60445407e-01,
        1.32648736e-01,  4.39498164e-02,  9.48452204e-02,  7.74798766e-02,
        1.36788756e-01,  3.76126856e-01,  7.04095885e-02,  1.13123477e-01,
        1.13985635e-01,  2.05610156e-01,  2.86700815e-01,  1.19480841e-01,
        1.11818403e-01,  1.29161492e-01,  1.80116236e-01,  2.87598670e-01,
        7.06443116e-02,  2.24727839e-01,  1.23177946e-01,  2.82872051e-01,
        1.08193018e-01,  1.61751717e-01,  2.13733286e-01,  4.87980694e-02,
        3.43720555e-01,  7.03497976e-02,  2.42052317e-01,  9.50067118e-02,
        1.82675943e-01,  8.12524781e-02,  1.17717311e-01,  1.82350874e-01,
        1.78655703e-02,  6.32170960e-02,  7.88583308e-02,  6.12792149e-02,
        2.81881783e-02,  4.18086313e-02,  1.18560426e-01, -8.21530633e-03,
        5.94088659e-02,  1.82627007e-01,  7.78893679e-02, -4.62570824e-02,
        4.56956550e-02,  1.35367379e-01,  1.99263066e-01,  6.79195076e-02,
        1.06585443e-01,  6.23860694e-02,  5.80242462e-02,  8.60174149e-02,
        2.33378083e-01,  7.19281659e-02,  9.16296616e-02,  5.16513139e-02,
        2.32983008e-02,  5.71986400e-02,  8.81337151e-02,  1.91456042e-02,
        2.35319257e-01,  2.67750680e-01,  8.15503374e-02,  6.82658553e-02,
        7.12602139e-02,  2.18765274e-01,  9.21625569e-02,  1.59838229e-01,
        1.23461872e-01,  1.02601156e-01,  2.17597678e-01,  1.08137719e-01,
        1.10593192e-01,  6.58256784e-02,  6.27452508e-02,  2.15206370e-01,
        8.85966942e-02,  9.95805487e-02,  5.75460233e-02,  6.58671483e-02,
        2.06019580e-01,  6.08534217e-02,  3.29215527e-02, -2.43617222e-02,
        1.11156628e-01, -9.85561218e-03,  8.23678970e-02,  3.07111479e-02,
        3.10154557e-02,  8.60256627e-02, -7.59875774e-03,  1.74171329e-02,
        4.19262685e-02,  2.36801803e-02, -1.92883629e-02,  6.33913204e-02,
        6.22048266e-02,  2.17891246e-01, -1.74282715e-01,  5.57801202e-02,
        5.15535176e-02, -5.24029210e-02, -7.67675927e-03,  2.29138687e-01,
        2.78815359e-01, -2.64787325e-03,  8.82509798e-02, -9.16348472e-02,
        1.00300014e-01,  1.67121872e-01,  5.18076867e-02,  3.40242088e-02,
        5.77486269e-02,  2.02642485e-01,  1.25603378e-01,  2.19092127e-02,
        3.85917537e-02,  7.00623840e-02,  1.45757243e-01,  1.74892008e-01,
        2.84043364e-02,  4.24077101e-02,  1.03509791e-01,  1.49939507e-01,
        1.69233471e-01,  8.46131220e-02,  9.02216285e-02,  1.35446474e-01,
        2.16090545e-01,  1.11585103e-01, -8.89023393e-03,  7.91243389e-02,
        1.86112925e-01,  2.31972024e-01,  1.25305161e-01,  1.30801693e-01,
        6.87680244e-02,  1.17135957e-01,  1.11950554e-01,  2.65657514e-01,
       -1.53208980e-02,  7.70999640e-02,  2.59098001e-02,  1.33136660e-01,
        2.05438867e-01,  6.09922372e-02,  1.45097701e-02,  1.22344472e-01,
        1.04394399e-01,  1.54726923e-01,  4.00840603e-02,  2.67037693e-02,
        4.97790016e-02,  1.03269383e-01,  1.24612905e-01,  4.86846305e-02,
        7.34911785e-02,  9.41458941e-02,  1.38630539e-01,  1.54718786e-01,
        4.28722203e-02,  1.39613030e-02,  9.50438902e-02, -4.70753014e-02,
       -3.26469243e-02, -3.89242843e-02, -4.21017036e-02, -2.90686060e-02,
       -2.67456584e-02, -7.64752924e-02,  1.34216538e-02, -4.26396262e-03,
        2.24230942e-04, -4.05899920e-02,  1.23268990e-02, -6.19725622e-02,
        4.27907519e-02, -1.39412833e-02, -1.25332803e-01, -7.39236176e-02,
       -7.02224150e-02, -7.61544183e-02,  1.78474057e-02, -1.92536972e-03,
       -6.85782060e-02, -8.27684999e-03, -5.63795567e-02, -3.46733965e-02,
        1.92544237e-03, -3.51756625e-02, -3.53558804e-03,  1.77463274e-02,
       -1.28061874e-02, -1.35502145e-02,  1.49614349e-01, -2.40750518e-02,
       -3.66231054e-02, -2.05344241e-02,  4.23894376e-02,  6.56221956e-02,
       -3.95811675e-03, -3.46329994e-02,  1.83705818e-02,  2.77947746e-02,
       -1.72142517e-02,  2.39718743e-02,  6.59890473e-02,  2.01048199e-02,
        6.00701533e-02,  5.18560002e-04, -8.42603215e-04,  1.17044881e-01,
        3.35332938e-02,  8.75074603e-03,  5.08260652e-02,  4.60094362e-02,
       -8.37843046e-02, -5.27410395e-02,  9.32466425e-03,  9.60153155e-03,
       -2.94626411e-02, -5.90690337e-02, -8.05965513e-02, -7.34083354e-02,
        2.14459151e-02,  6.87313825e-03, -7.81542063e-02, -3.09654716e-02,
       -5.16368747e-02, -2.87965611e-02, -6.33484125e-02, -7.28015900e-02,
        1.07633807e-02, -3.65061983e-02, -7.13169649e-02,  3.38472538e-02,
       -4.57622744e-02, -1.92706939e-02, -3.62259373e-02,  0.00000000e+00,
       -3.32187079e-02, -3.11410278e-02, -6.77018836e-02,  1.25351333e-04,
       -6.15720823e-02, -1.41026874e-04, -4.17051762e-02,  2.13956889e-02,
       -6.82906061e-02, -1.14622079e-01, -7.14062830e-04,  0.00000000e+00,
       -4.82324399e-02, -4.20801667e-03, -2.31908113e-01, -9.17558223e-02,
       -6.61349893e-02, -2.57018059e-02, -5.48221841e-02, -6.31623063e-03,
        7.14062830e-04,  1.43909231e-02,  3.04226601e-03,  9.58678836e-04,
       -2.89615542e-02, -6.44778833e-03, -2.38103364e-02, -5.82344458e-02,
       -1.26923285e-02, -1.64855272e-02, -3.07247005e-02,  1.25358393e-02,
       -2.36614142e-02,  3.30741070e-02, -1.29314894e-02,  5.23804538e-02,
       -5.41780479e-02, -4.74287309e-02,  2.29878277e-02, -1.06466286e-01,
       -2.21025688e-03, -7.75029361e-02,  1.59388278e-02, -3.43379863e-02,
       -9.99938622e-02,  2.70735715e-02, -3.81089747e-01, -4.02902603e-01,
       -4.15414155e-01, -2.18833119e-01, -2.36265317e-01, -2.85387099e-01,
       -1.10833518e-01, -3.55049968e-01, -2.49505937e-01, -3.43525559e-01,
       -2.91664153e-01, -2.81203985e-01, -3.14416468e-01, -4.41368788e-01,
       -3.86889696e-01, -2.63714522e-01, -3.34813505e-01, -3.26396197e-01,
       -2.17972219e-01, -4.04615611e-01, -3.21635753e-01, -3.47112119e-01,
       -3.38442504e-01, -3.57228696e-01, -3.67515057e-01, -2.82946587e-01,
       -3.43040884e-01, -3.03563863e-01, -3.71767342e-01, -2.48558939e-01,
       -3.02491069e-01, -2.39256293e-01, -2.98019797e-01, -2.89146662e-01,
       -1.72012314e-01, -2.93241650e-01, -2.40099505e-01, -3.37101281e-01,
       -3.33100855e-01, -3.27278316e-01, -2.40117371e-01, -2.58530408e-01,
       -3.24354619e-01, -2.56511599e-01, -3.07866007e-01, -2.66365498e-01,
       -3.80109131e-01, -3.49032819e-01, -3.08616579e-01, -2.98096031e-01,
       -2.86686003e-01, -3.75852883e-01, -3.25606138e-01, -2.69178987e-01,
       -3.18811566e-01, -1.93771988e-01, -4.12405580e-01, -3.12003314e-01,
       -3.00166279e-01, -2.76893646e-01, -2.51191258e-01, -3.98835212e-01,
       -3.90359968e-01, -2.87628859e-01, -3.04107547e-01, -2.78865099e-01,
       -3.40034515e-01, -2.99939066e-01, -3.04447055e-01, -2.71396995e-01,
       -3.04245591e-01, -2.61540443e-01, -2.50121713e-01, -3.90080094e-01,
       -3.14706475e-01, -3.03514749e-01, -2.94431806e-01, -2.86190301e-01,
       -2.78527498e-01, -3.28423947e-01, -2.83342540e-01, -2.22178176e-01,
       -1.45397991e-01, -2.61485428e-01, -2.96233326e-01, -2.35939801e-01,
       -2.34549850e-01, -3.26645613e-01, -3.06337953e-01, -2.93431431e-01,
       -2.91725338e-01, -2.78419346e-01, -2.63991207e-01, -3.18496734e-01,
       -3.02858055e-01, -2.74753422e-01, -2.17633232e-01, -2.86986291e-01,
       -2.95248806e-01, -2.37763256e-01, -3.40533406e-01, -1.75660491e-01]), array([0.0015744 , 0.00203327, 0.00111685, 0.00327541, 0.00376045,
       0.00092657, 0.00065512, 0.00270038, 0.00332329, 0.00047333,
       0.00104181, 0.00086976, 0.00244861, 0.00330089, 0.00117583,
       0.00304098, 0.00314926, 0.00197346, 0.00419282, 0.00073426,
       0.00119755, 0.00136709, 0.00054082, 0.00039949, 0.00051721,
       0.00263821, 0.00150814, 0.00055087, 0.00086154, 0.00191427,
       0.00231364, 0.00292215, 0.0033187 , 0.00181938, 0.00055949,
       0.00060505, 0.00076355, 0.00190421, 0.00221855, 0.00058201,
       0.00096801, 0.00073854, 0.002151  , 0.00222097, 0.00169791,
       0.00145227, 0.00129571, 0.00298145, 0.00358511, 0.00049962,
       0.00074926, 0.00175706, 0.0006851 , 0.00200763, 0.00053863,
       0.00064807, 0.00088555, 0.00155875, 0.00152633, 0.0006131 ,
       0.00054908, 0.0004398 , 0.00121654, 0.00138775, 0.00352509,
       0.00255969, 0.00115554, 0.00309471, 0.00249852, 0.00443917,
       0.00108227, 0.00208088, 0.00169373, 0.00063587, 0.00057573,
       0.00068317, 0.001654  , 0.00216316, 0.00039787, 0.00048671,
       0.00040698, 0.0008581 , 0.00097449, 0.00035498, 0.00037571,
       0.00044144, 0.00087711, 0.00084932, 0.00217271, 0.0007788 ,
       0.0022744 , 0.00261197, 0.00085873, 0.00128051, 0.00132699,
       0.00394216, 0.0039003 , 0.00029796, 0.0003612 , 0.00034942,
       0.00096637, 0.00109779, 0.0032616 , 0.00194317, 0.0051959 ,
       0.00741813, 0.0077705 , 0.00329165, 0.0011935 , 0.00178628,
       0.00179197, 0.00550772, 0.01129895, 0.00389142, 0.00133329,
       0.00221584, 0.00047577, 0.00038569, 0.00040869, 0.00103535,
       0.00093389, 0.0005766 , 0.00059045, 0.00213611, 0.00060834,
       0.00219979, 0.00083334, 0.00098775, 0.00069791, 0.00188529,
       0.00160397, 0.003617  , 0.00222502, 0.000912  , 0.0014079 ,
       0.00134228, 0.00246097, 0.00153839, 0.00221479, 0.00095615,
       0.00234704, 0.00111501, 0.00352406, 0.00210823, 0.00360426,
       0.00211019, 0.00040877, 0.00036063, 0.00101164, 0.00039665,
       0.00100871, 0.00137723, 0.00209824, 0.00087576, 0.00204876,
       0.00277105, 0.00050637, 0.00042579, 0.00053036, 0.00157363,
       0.00131494, 0.00076711, 0.00062333, 0.00069246, 0.00200031,
       0.00183739, 0.00088943, 0.00109034, 0.00061696, 0.0016742 ,
       0.00169302, 0.00076069, 0.0010836 , 0.00046655, 0.00135426,
       0.0017502 , 0.00054804, 0.00073518, 0.00079498, 0.00254705,
       0.0030267 , 0.00073802, 0.00083385, 0.00071838, 0.00201013,
       0.00216748, 0.00306385, 0.00164754, 0.00081758, 0.0016736 ,
       0.00183766, 0.00043637, 0.00031365, 0.00049457, 0.00070343,
       0.00071321, 0.00052585, 0.00062872, 0.00061091, 0.00153125,
       0.00148787, 0.00106155, 0.00199358, 0.00042932, 0.00072506,
       0.00074249, 0.00055463, 0.0003605 , 0.00035014, 0.00083282,
       0.00090145, 0.00149852, 0.00162761, 0.00115873, 0.00232076,
       0.00228119, 0.00084109, 0.00107796, 0.0012461 , 0.00408908,
       0.0029579 , 0.00395795, 0.00688431, 0.00607846, 0.00252121,
       0.00125581, 0.00154277, 0.00069548, 0.00164712, 0.00033851,
       0.00047068, 0.00051945, 0.0011498 , 0.00121883, 0.00077541,
       0.00118309, 0.00073822, 0.00208303, 0.00236659, 0.00329948,
       0.00166559, 0.00067296, 0.00132195, 0.0013763 , 0.00041607,
       0.00047801, 0.00047576, 0.00119674, 0.00105014, 0.00040584,
       0.00040302, 0.00050517, 0.00098279, 0.00110449, 0.00148073,
       0.00393696, 0.00284579, 0.00196351, 0.00071404, 0.00128784,
       0.0018453 , 0.00196864, 0.01008709, 0.00478991, 0.00262566,
       0.0016892 , 0.00264335, 0.00160812, 0.00086643, 0.00094787,
       0.00268272, 0.00246227, 0.0004335 , 0.00041371, 0.00048797,
       0.00128496, 0.00125851, 0.00060327, 0.00055628, 0.00061904,
       0.00146427, 0.00161044, 0.00271244, 0.00467758, 0.00092728,
       0.00154127, 0.00160176, 0.00602349, 0.00360174, 0.00363787,
       0.00217624, 0.00305507, 0.00420319, 0.00150258, 0.00063757,
       0.00130234, 0.00158695, 0.00118466, 0.00564342, 0.00586118,
       0.00959229, 0.0012659 , 0.00459031, 0.00154534, 0.00180479,
       0.00098815, 0.00244721, 0.00065511, 0.00085229, 0.00055771,
       0.0014491 , 0.00151768, 0.00359071, 0.00068211, 0.00099882,
       0.00370769, 0.00152564, 0.00042834, 0.00055905, 0.0004532 ,
       0.00149735, 0.0021873 , 0.00287437, 0.0008709 , 0.00305785,
       0.00471277, 0.00368974, 0.00726615, 0.00133903, 0.00249713,
       0.0022098 , 0.00069951, 0.0008878 , 0.00088067, 0.00273924,
       0.00331549, 0.00104018, 0.00089704, 0.00269144, 0.00250958,
       0.00062548, 0.00075826, 0.00298617, 0.00097799, 0.003659  ,
       0.00093342, 0.00126942, 0.0009937 , 0.00345688, 0.00326759,
       0.00364193, 0.00210284, 0.00092095, 0.00180365, 0.00191504,
       0.00024059, 0.00027768, 0.0002428 , 0.00063748, 0.00065936,
       0.0026944 , 0.00137378, 0.00146842, 0.00213867, 0.00224031,
       0.00100028, 0.00267871, 0.00166127, 0.00044718, 0.00089535,
       0.00122843, 0.00112086, 0.00082371, 0.00079404, 0.00085461,
       0.00280442, 0.00332907, 0.00073225, 0.00096034, 0.00120779,
       0.00413552, 0.00392286, 0.00031171, 0.00028444, 0.00033473,
       0.00097986, 0.00108791, 0.00528491, 0.00296473, 0.00117422,
       0.00227384, 0.00199949, 0.0013114 , 0.00137476, 0.0061063 ,
       0.00531492]), array([[0, 1, 0, 0, 0, 0, 0, 0, 0, 0, 0, 0, 0, 1, 0, 0, 0, 0, 1, 0, 0, 0,
        0, 1, 0, 0, 0, 1, 0, 0, 0, 0, 1, 0, 1, 0, 0, 0, 0, 1, 0, 0, 0, 0,
        0, 1, 0, 0, 0, 1, 0, 0, 0, 0, 1, 0, 0, 0, 0, 0, 1, 0, 0, 0, 0, 0,
        0, 0, 0, 1, 0, 0, 0, 1, 0, 0, 0, 0, 1, 0, 0, 0, 0, 1, 0, 0, 0, 0,
        1, 0, 0, 0, 1, 0, 0, 0, 0, 1, 0, 0, 0, 0, 0, 0, 0, 0, 1, 0, 0, 0,
        0, 0, 1, 0, 0, 0, 0, 1, 0, 0, 0, 1, 0, 0, 0, 0, 0, 1, 0, 0, 0, 1,
        0, 0, 0, 0, 1, 0, 0, 0, 0, 1, 0, 0, 0, 0, 0, 1, 0, 0, 0, 0, 1, 0,
        0, 0, 0, 1, 0, 0, 0, 0, 1, 0, 0, 0, 0, 1, 0, 0, 0, 0, 1, 0, 0, 0,
        1, 0, 0, 0, 0, 1, 0, 0, 0, 0, 1, 0, 0, 0, 0, 1, 0, 0, 0, 0, 1, 0,
        0, 0, 0, 0, 1, 0, 0, 0, 0, 1, 0, 0, 0, 1, 0, 0, 0, 0, 1, 0, 0, 0,
        0, 0, 0, 0, 1, 0, 0, 0, 0, 1, 0, 0, 0, 0, 0, 1, 0, 0, 0, 1, 0, 0,
        0, 0, 1, 0, 0, 0, 0, 1, 0, 0, 0, 0, 0, 0, 0, 1, 0, 0, 0, 0, 1, 0,
        0, 0, 0, 1, 0, 0, 0, 0, 0, 1, 0, 0, 0, 1, 0, 0, 0, 0, 0, 1, 0, 0,
        0, 1, 0, 0, 0, 0, 0, 0, 1, 1, 0, 0, 0, 0, 1, 0, 0, 0, 0, 0, 0, 1,
        0, 0, 0, 0, 0, 1, 0, 0, 0, 1, 0, 0, 0, 0, 0, 0, 0, 0, 0, 1, 0, 0,
        0, 1, 0, 0, 0, 0, 0, 0, 0, 0, 1, 0, 0, 0, 0, 1, 0, 0, 0, 0, 1, 0,
        0, 0, 0, 1, 0, 0, 0, 0, 0, 1, 0, 0, 0, 0, 0, 1, 0, 0, 0, 0, 1, 0,
        0, 0, 0, 1, 0, 0, 0, 0, 0, 1, 0, 0, 0, 1, 0, 0, 0, 0, 1, 0, 0, 0],
       [1, 0, 0, 0, 0, 0, 1, 0, 0, 0, 0, 0, 1, 0, 0, 0, 0, 1, 0, 0, 0, 0,
        1, 0, 0, 0, 0, 0, 0, 1, 0, 0, 0, 0, 0, 0, 1, 0, 0, 0, 0, 1, 0, 0,
        1, 0, 0, 0, 0, 0, 1, 0, 0, 0, 0, 0, 1, 0, 0, 1, 0, 0, 0, 0, 0, 0,
        0, 0, 1, 0, 0, 0, 0, 0, 0, 1, 0, 0, 0, 1, 0, 0, 0, 0, 0, 1, 0, 0,
        0, 0, 0, 0, 0, 0, 1, 0, 0, 0, 1, 0, 0, 0, 1, 0, 0, 0, 0, 1, 0, 0,
        0, 1, 0, 0, 0, 0, 1, 0, 0, 0, 0, 0, 1, 0, 0, 0, 1, 0, 0, 0, 0, 0,
        1, 0, 0, 0, 0, 1, 0, 0, 0, 0, 0, 1, 0, 0, 1, 0, 0, 0, 0, 1, 0, 0,
        0, 0, 1, 0, 0, 0, 0, 1, 0, 0, 0, 0, 1, 0, 0, 0, 0, 1, 0, 0, 0, 0,
        0, 1, 0, 0, 0, 0, 1, 0, 0, 0, 0, 1, 0, 0, 0, 0, 0, 1, 0, 0, 0, 1,
        0, 0, 0, 1, 0, 0, 0, 0, 1, 0, 0, 0, 0, 0, 1, 0, 0, 0, 0, 1, 0, 0,
        0, 0, 0, 0, 0, 1, 0, 0, 0, 0, 0, 1, 0, 0, 1, 0, 0, 0, 0, 0, 1, 0,
        0, 0, 0, 1, 0, 0, 0, 0, 0, 1, 0, 0, 0, 0, 0, 0, 0, 1, 0, 0, 0, 1,
        0, 0, 0, 0, 0, 1, 0, 0, 1, 0, 0, 0, 0, 0, 0, 1, 0, 0, 1, 0, 0, 0,
        0, 0, 1, 0, 0, 0, 0, 0, 0, 0, 1, 0, 0, 0, 0, 0, 1, 0, 0, 0, 0, 0,
        1, 0, 0, 0, 0, 0, 1, 0, 0, 0, 1, 0, 0, 0, 0, 0, 0, 0, 1, 0, 0, 0,
        0, 0, 0, 1, 0, 0, 1, 0, 0, 0, 0, 1, 0, 0, 0, 0, 1, 0, 0, 0, 0, 1,
        0, 0, 0, 0, 1, 0, 0, 0, 1, 0, 0, 1, 0, 0, 0, 0, 0, 1, 0, 0, 0, 1,
        0, 0, 0, 0, 1, 0, 0, 0, 1, 0, 0, 0, 0, 0, 1, 0, 0, 0, 0, 1, 0, 0],
       [0, 0, 1, 0, 0, 1, 0, 0, 0, 1, 0, 0, 0, 0, 1, 0, 0, 0, 0, 1, 0, 0,
        0, 0, 1, 0, 0, 0, 1, 0, 0, 0, 0, 0, 0, 1, 0, 0, 0, 0, 1, 0, 0, 0,
        0, 0, 1, 0, 0, 0, 0, 0, 1, 0, 0, 1, 0, 0, 0, 0, 0, 1, 0, 0, 0, 0,
        1, 0, 0, 0, 1, 0, 0, 0, 1, 0, 0, 0, 0, 0, 1, 0, 0, 0, 1, 0, 0, 0,
        0, 1, 0, 0, 0, 1, 0, 0, 0, 0, 0, 1, 0, 0, 0, 1, 0, 0, 0, 0, 1, 0,
        0, 0, 0, 0, 1, 0, 0, 0, 1, 0, 0, 0, 0, 0, 1, 0, 0, 0, 1, 0, 0, 0,
        0, 1, 0, 0, 0, 0, 0, 1, 0, 0, 1, 0, 0, 0, 0, 0, 0, 1, 0, 0, 0, 1,
        0, 0, 0, 0, 1, 0, 0, 0, 0, 1, 0, 0, 0, 0, 1, 0, 0, 0, 0, 1, 0, 0,
        0, 0, 1, 0, 0, 0, 0, 1, 0, 0, 0, 0, 1, 0, 0, 0, 1, 0, 0, 0, 0, 0,
        1, 0, 0, 0, 0, 1, 0, 0, 0, 0, 1, 0, 0, 0, 0, 1, 0, 0, 0, 0, 1, 0,
        0, 1, 0, 0, 0, 0, 0, 1, 0, 0, 1, 0, 0, 0, 0, 0, 1, 0, 0, 0, 0, 1,
        0, 0, 0, 0, 1, 0, 0, 0, 1, 0, 0, 0, 1, 0, 0, 0, 1, 0, 0, 0, 0, 0,
        0, 1, 0, 0, 1, 0, 0, 0, 0, 0, 1, 0, 0, 0, 1, 0, 0, 0, 0, 0, 1, 0,
        0, 0, 0, 0, 1, 0, 0, 1, 0, 0, 0, 1, 0, 0, 0, 1, 0, 0, 0, 1, 0, 0,
        0, 1, 0, 0, 0, 0, 0, 0, 1, 0, 0, 1, 0, 0, 0, 1, 0, 0, 0, 0, 1, 0,
        0, 0, 1, 0, 0, 0, 0, 1, 0, 0, 0, 0, 0, 1, 0, 0, 0, 1, 0, 0, 0, 0,
        1, 0, 0, 0, 0, 1, 0, 0, 0, 0, 1, 0, 0, 1, 0, 0, 1, 0, 0, 0, 0, 0,
        1, 0, 0, 0, 0, 1, 0, 0, 0, 0, 1, 0, 0, 0, 0, 1, 0, 0, 0, 0, 0, 0],
       [0, 0, 0, 1, 1, 0, 0, 1, 1, 0, 1, 1, 0, 0, 0, 1, 1, 0, 0, 0, 1, 1,
        0, 0, 0, 1, 1, 0, 0, 0, 1, 1, 0, 1, 0, 0, 0, 1, 1, 0, 0, 0, 1, 1,
        0, 0, 0, 1, 1, 0, 0, 1, 0, 1, 0, 0, 0, 1, 1, 0, 0, 0, 1, 1, 1, 1,
        0, 1, 0, 0, 0, 1, 1, 0, 0, 0, 1, 1, 0, 0, 0, 1, 1, 0, 0, 0, 1, 1,
        0, 0, 1, 1, 0, 0, 0, 1, 1, 0, 0, 0, 1, 1, 0, 0, 1, 1, 0, 0, 0, 1,
        1, 0, 0, 1, 0, 1, 0, 0, 0, 1, 1, 0, 0, 1, 0, 1, 0, 0, 0, 1, 1, 0,
        0, 0, 1, 1, 0, 0, 1, 0, 1, 0, 0, 0, 1, 1, 0, 0, 1, 0, 1, 0, 0, 0,
        1, 1, 0, 0, 0, 1, 1, 0, 0, 0, 1, 1, 0, 0, 0, 1, 1, 0, 0, 0, 1, 1,
        0, 0, 0, 1, 1, 0, 0, 0, 1, 1, 0, 0, 0, 1, 1, 0, 0, 0, 1, 1, 0, 0,
        0, 1, 1, 0, 0, 0, 1, 1, 0, 0, 0, 1, 1, 0, 0, 0, 1, 1, 0, 0, 0, 1,
        1, 0, 1, 1, 0, 0, 1, 0, 1, 0, 0, 0, 1, 1, 0, 0, 0, 1, 1, 0, 0, 0,
        1, 1, 0, 0, 0, 1, 1, 0, 0, 0, 1, 1, 0, 1, 1, 0, 0, 0, 1, 1, 0, 0,
        1, 0, 1, 0, 0, 0, 1, 1, 0, 0, 0, 1, 1, 0, 0, 0, 1, 1, 0, 0, 0, 1,
        1, 0, 0, 1, 0, 1, 1, 0, 0, 0, 0, 0, 1, 1, 0, 0, 0, 1, 1, 0, 1, 0,
        0, 0, 1, 1, 1, 0, 0, 1, 0, 0, 0, 0, 1, 1, 1, 0, 1, 1, 0, 0, 0, 1,
        1, 0, 0, 0, 1, 1, 0, 0, 1, 1, 0, 0, 1, 0, 1, 0, 0, 0, 1, 1, 0, 0,
        0, 1, 1, 0, 0, 0, 1, 1, 0, 0, 0, 0, 1, 0, 1, 0, 0, 0, 1, 1, 0, 0,
        0, 1, 1, 0, 0, 0, 1, 1, 0, 0, 0, 1, 1, 0, 0, 0, 1, 1, 0, 0, 1, 1]]))
  kwargs: {}
  exception:
63815 63816 optimal
Running object 63815
63815 63816 optimal
Running object 63815
{'g': 1.0244583, 'r': 1.4031603, 'i': 1.7633209, 'z': 1.7331656}
emcee: Exception while calling your likelihood function:
  params: [-0.47133783  3.09758821  0.14793362  0.06161565  0.06344802  0.14630323
  0.6244471   1.22602682  1.15736824]
  args: (array([56266.25390625, 56266.25390625, 56266.2578125 , 56266.26171875,
       56266.26171875, 56268.1171875 , 56271.2890625 , 56271.29296875,
       56271.296875  , 56277.20703125, 56277.20703125, 56277.2109375 ,
       56285.22265625, 56285.22265625, 56285.2265625 , 56285.2265625 ,
       56285.23046875, 56290.20703125, 56290.20703125, 56290.2109375 ,
       56290.21484375, 56290.21484375, 56299.0859375 , 56299.0859375 ,
       56299.08984375, 56299.08984375, 56299.09375   , 56309.18359375,
       56309.1875    , 56309.1875    , 56309.19140625, 56309.1953125 ,
       56322.125     , 56326.11328125, 56326.1171875 , 56326.1171875 ,
       56326.12109375, 56326.125     , 56331.06640625, 56331.0703125 ,
       56331.0703125 , 56331.07421875, 56331.078125  , 56534.21875   ,
       56534.21875   , 56534.22265625, 56534.2265625 , 56534.2265625 ,
       56538.36328125, 56538.3671875 , 56538.37109375, 56538.37109375,
       56538.375     , 56543.30859375, 56543.3125    , 56543.3125    ,
       56543.31640625, 56543.3203125 , 56547.26953125, 56547.26953125,
       56547.2734375 , 56547.2734375 , 56547.27734375, 56552.27734375,
       56552.27734375, 56552.28125   , 56559.19140625, 56559.19140625,
       56559.1953125 , 56559.19921875, 56559.19921875, 56563.19921875,
       56563.203125  , 56563.203125  , 56563.20703125, 56563.2109375 ,
       56567.21875   , 56567.22265625, 56567.22265625, 56567.2265625 ,
       56567.23046875, 56575.19140625, 56575.1953125 , 56575.1953125 ,
       56575.19921875, 56575.19921875, 56579.1796875 , 56579.18359375,
       56579.18359375, 56579.1875    , 56579.19140625, 56594.1328125 ,
       56594.13671875, 56594.13671875, 56602.1171875 , 56602.12109375,
       56602.125     , 56607.05859375, 56607.05859375, 56614.07421875,
       56614.078125  , 56614.08203125, 56614.08203125, 56615.09765625,
       56615.1015625 , 56615.1015625 , 56615.10546875, 56625.19140625,
       56625.19140625, 56628.07421875, 56628.078125  , 56628.08203125,
       56628.08203125, 56628.0859375 , 56635.12890625, 56635.12890625,
       56635.1328125 , 56635.1328125 , 56635.13671875, 56645.078125  ,
       56645.078125  , 56645.08203125, 56645.0859375 , 56645.0859375 ,
       56649.1640625 , 56649.16796875, 56649.171875  , 56649.171875  ,
       56649.17578125, 56653.0859375 , 56653.08984375, 56653.08984375,
       56653.09375   , 56653.09375   , 56660.08984375, 56660.08984375,
       56660.09375   , 56660.09375   , 56660.09765625, 56667.1171875 ,
       56667.1171875 , 56667.12109375, 56667.125     , 56667.125     ,
       56682.08203125, 56682.08203125, 56682.0859375 , 56682.08984375,
       56682.08984375, 56686.12109375, 56686.12109375, 56686.125     ,
       56686.12890625, 56686.12890625, 56693.03515625, 56693.03515625,
       56693.0390625 , 56693.04296875, 56693.04296875, 56887.390625  ,
       56887.390625  , 56887.39453125, 56887.3984375 , 56887.3984375 ,
       56891.390625  , 56891.39453125, 56891.39453125, 56891.3984375 ,
       56891.40234375, 56904.296875  , 56904.296875  , 56904.30078125,
       56904.30078125, 56904.3046875 , 56912.34375   , 56912.34765625,
       56912.34765625, 56912.3515625 , 56912.3515625 , 56920.3046875 ,
       56920.30859375, 56920.30859375, 56920.3125    , 56920.31640625,
       56927.234375  , 56927.23828125, 56927.23828125, 56927.2421875 ,
       56927.24609375, 56933.2265625 , 56943.23046875, 56943.23046875,
       56943.234375  , 56943.23828125, 56943.23828125, 56949.32421875,
       56949.32421875, 56949.328125  , 56949.33203125, 56949.33203125,
       56956.3359375 , 56956.33984375, 56956.34375   , 56956.34375   ,
       56956.34765625, 56960.26953125, 56960.2734375 , 56960.27734375,
       56960.27734375, 56960.28125   , 56966.35546875, 56966.359375  ,
       56966.36328125, 56973.31640625, 56973.31640625, 56973.3203125 ,
       56973.3203125 , 56973.32421875, 56980.31640625, 56980.3203125 ,
       56980.3203125 , 56980.32421875, 56980.328125  , 56988.03125   ,
       56988.03125   , 56988.03515625, 56988.03515625, 56988.0390625 ,
       56992.13671875, 56992.13671875, 56992.140625  , 56992.14453125,
       56992.14453125, 57008.109375  , 57008.11328125, 57008.1171875 ,
       57008.1171875 , 57008.12109375, 57012.08203125, 57012.0859375 ,
       57012.0859375 , 57012.08984375, 57012.08984375, 57018.07421875,
       57018.078125  , 57018.08203125, 57019.0703125 , 57019.07421875,
       57019.07421875, 57019.078125  , 57019.078125  , 57026.16796875,
       57026.16796875, 57026.171875  , 57026.171875  , 57026.17578125,
       57033.16015625, 57033.1640625 , 57033.1640625 , 57033.16796875,
       57033.171875  , 57040.17578125, 57040.17578125, 57040.1796875 ,
       57040.18359375, 57040.18359375, 57047.0859375 , 57047.08984375,
       57047.08984375, 57047.09375   , 57047.09765625, 57054.03515625,
       57054.03515625, 57054.0390625 , 57054.0390625 , 57054.04296875,
       57061.140625  , 57061.14453125, 57061.1484375 , 57061.1484375 ,
       57061.15234375, 57066.03515625, 57066.03515625, 57249.421875  ,
       57255.41015625, 57255.4140625 , 57255.4140625 , 57255.41796875,
       57255.421875  , 57265.36328125, 57265.3671875 , 57265.3671875 ,
       57265.37109375, 57265.37109375, 57276.34375   , 57276.3515625 ,
       57278.234375  , 57278.234375  , 57278.23828125, 57278.2421875 ,
       57278.2421875 , 57286.2578125 , 57291.19140625, 57291.203125  ,
       57304.17578125, 57304.1796875 , 57304.18359375, 57304.18359375,
       57304.1875    , 57311.35546875, 57311.359375  , 57311.359375  ,
       57311.36328125, 57311.36328125, 57315.234375  , 57315.234375  ,
       57315.23828125, 57319.15625   , 57325.12109375, 57325.12109375,
       57325.125     , 57325.12890625, 57325.12890625, 57329.2109375 ,
       57329.21484375, 57329.21484375, 57329.21875   , 57329.22265625,
       57332.078125  , 57332.078125  , 57332.08203125, 57332.0859375 ,
       57339.296875  , 57339.296875  , 57339.30078125, 57339.30078125,
       57339.3046875 , 57345.3125    , 57345.3125    , 57345.31640625,
       57345.3203125 , 57345.3203125 , 57355.23828125, 57355.23828125,
       57355.2421875 , 57355.24609375, 57355.24609375, 57365.18359375,
       57365.18359375, 57365.1875    , 57365.19140625, 57365.19140625,
       57372.23828125, 57372.23828125, 57372.2421875 , 57375.046875  ,
       57375.046875  , 57375.05078125, 57375.05078125, 57375.0546875 ,
       57385.1484375 , 57385.15234375, 57385.15234375, 57385.15625   ,
       57385.15625   , 57389.1484375 , 57389.15234375, 57389.15234375,
       57389.15625   , 57389.16015625, 57394.15625   , 57394.16015625,
       57394.16015625, 57394.1640625 , 57394.16796875, 57401.13671875,
       57401.13671875, 57401.140625  , 57401.14453125, 57401.14453125,
       57408.06640625, 57408.06640625, 57408.0703125 , 57408.0703125 ,
       57408.07421875, 57425.14453125, 57425.1484375 , 57425.15234375,
       57425.15234375, 57425.15625   ]), array([ 1.75759584e-01,  2.48451352e-01,  1.05261035e-01,  3.91097041e-03,
        4.08725664e-02,  9.05675665e-02,  8.63036960e-02,  8.15679505e-02,
        1.63465023e-01,  5.70716560e-02,  8.24011043e-02,  6.05722051e-03,
        4.48967516e-02,  1.49409711e-01,  3.91762108e-02,  1.24904126e-01,
        3.35684791e-02, -1.02823623e-01,  1.76261761e-03,  3.43776755e-02,
        9.46897641e-03,  3.58443148e-02, -1.56307258e-02,  0.00000000e+00,
       -1.48290303e-02,  2.47910190e-02,  4.31091264e-02, -1.13755599e-01,
        5.88927325e-03,  6.80987025e-03, -8.57834890e-02, -1.08336858e-01,
       -1.64883018e-01,  5.76234274e-02, -4.00888100e-02, -4.38806554e-03,
       -1.30424440e-01, -3.26819606e-02,  5.86695336e-02,  2.08085217e-02,
        4.72084954e-02,  7.60186836e-02,  5.85010611e-02, -3.02127689e-01,
       -2.01929107e-01, -1.42594606e-01, -2.65855461e-01, -4.73139295e-03,
       -2.25460306e-01, -1.57909617e-01, -1.94569618e-01, -1.45813480e-01,
       -2.35933080e-01, -3.15594047e-01, -1.89443231e-01, -1.41534954e-01,
       -9.21573043e-02, -1.79491118e-01, -2.84043431e-01, -1.79148972e-01,
       -1.53521523e-01, -1.31099388e-01, -3.37514371e-01, -2.39127964e-01,
       -1.72673181e-01, -8.17399770e-02, -1.99612886e-01, -6.88295066e-02,
       -1.69757336e-01, -1.25272661e-01, -1.06387526e-01, -3.09389681e-01,
       -2.96254218e-01, -1.91477939e-01, -1.06065974e-01, -6.09751232e-02,
       -3.77219915e-01, -2.40406036e-01, -2.02755913e-01, -1.89252004e-01,
       -2.04244465e-01, -3.74086142e-01, -2.73489565e-01, -2.34274060e-01,
       -2.53554076e-01, -2.01432064e-01, -3.70398223e-01, -1.99920699e-01,
       -1.59400597e-01, -2.61771649e-01, -2.12490857e-01, -3.44947368e-01,
       -2.90815711e-01, -2.41564512e-01, -4.15893763e-01, -2.71064878e-01,
       -2.47405663e-01, -3.02378893e-01, -2.03932747e-01, -2.90906250e-01,
       -2.44513929e-01, -4.11735952e-01, -3.70366454e-01, -2.08880857e-01,
       -2.66822010e-01, -1.54683173e-01, -1.92272544e-01, -3.34079593e-01,
       -1.61122069e-01, -3.11328292e-01, -2.48210579e-01, -1.92772642e-01,
       -1.81122273e-01, -1.25818431e-01, -1.16414919e-01, -1.03130296e-01,
       -2.12664813e-01, -1.53906703e-01, -2.99802452e-01, -1.60801247e-01,
       -3.40742432e-02, -1.54451296e-01, -2.29948223e-01, -1.46126926e-01,
       -2.37186626e-01, -1.97136894e-01, -1.76834777e-01, -1.63348302e-01,
       -1.01631030e-01, -1.26386255e-01, -1.80099472e-01, -4.84047644e-02,
       -1.67418361e-01, -1.19848572e-01, -1.27048388e-01, -8.63083601e-02,
       -8.77828225e-02, -4.67052422e-02, -1.11621916e-01, -2.09468324e-02,
       -7.58211268e-03, -6.20150007e-02, -9.68449563e-02,  0.00000000e+00,
       -4.43328880e-02, -8.74376670e-03, -6.63623437e-02, -1.71765551e-01,
        1.50762983e-02, -6.10365085e-02, -2.83890832e-02, -8.02540854e-02,
       -6.71119913e-02,  1.94950122e-02, -1.87784582e-02,  5.10057323e-02,
       -3.77568454e-02, -1.62592262e-01, -4.13098782e-02, -2.25114241e-01,
       -1.45574868e-01, -1.78231016e-01, -1.73945501e-01, -8.96027014e-02,
       -2.87142485e-01, -2.21255288e-01, -1.14961535e-01, -6.64041657e-03,
       -8.87190700e-02, -1.86071634e-01, -1.65248945e-01, -2.25612789e-01,
       -1.54686958e-01, -1.96391508e-01, -1.28694087e-01, -1.83866844e-01,
       -1.38563856e-01, -1.65006548e-01, -1.43047720e-01, -1.36393487e-01,
       -1.22100085e-01, -1.21544324e-01, -1.86043233e-01, -1.53975695e-01,
       -8.85407329e-02, -1.95976451e-01, -9.94258374e-02, -1.19434163e-01,
       -2.12182570e-02,  5.91531098e-01, -1.83380216e-01,  7.60541414e-04,
       -5.66512905e-02, -1.33823067e-01, -8.08419660e-02, -1.65087670e-01,
       -7.55363256e-02, -7.22103044e-02, -1.45057037e-01, -1.07042670e-01,
       -5.77182621e-02, -1.40307069e-01, -8.76639932e-02,  6.95454050e-03,
       -1.52377620e-01, -4.22403812e-02, -6.08043186e-02, -1.26845419e-01,
       -2.51333546e-02, -2.75074765e-02, -2.34552592e-01, -5.03670610e-02,
       -1.73717827e-01, -1.19090103e-01, -8.74213129e-02, -5.68752103e-02,
       -4.65790257e-02,  3.36684883e-02, -5.88728786e-02, -6.23175353e-02,
       -4.38932329e-02, -1.22623204e-03, -1.25559881e-01, -1.11538358e-01,
       -2.82130968e-02, -6.72103092e-02, -3.59084867e-02,  6.30755648e-02,
        5.98484604e-03,  7.58211268e-03,  7.94953573e-03, -8.67101103e-02,
       -2.34048814e-03,  1.07413746e-01,  2.59695332e-02,  1.57396942e-02,
        3.27098630e-02,  5.99552356e-02,  7.56456479e-02,  2.32894579e-03,
        1.50408251e-02,  7.73864659e-03,  4.98127528e-02, -5.88927325e-03,
        8.93969759e-02,  5.62788779e-03,  1.00222379e-01, -5.40929809e-02,
        1.23077981e-01, -6.57848567e-02, -3.23161110e-02,  1.43143207e-01,
        6.30588233e-01,  9.13652256e-02,  1.57483518e-01, -2.85911951e-02,
        5.81056364e-02,  4.99495380e-02,  1.28191069e-01,  9.99756064e-03,
        8.54214951e-02,  7.92405680e-02,  2.02082455e-01,  9.58873332e-02,
        9.18983445e-02,  1.02356330e-01,  3.24937254e-01,  4.65673283e-02,
        1.68635115e-01,  2.39730831e-02,  2.13737041e-02,  5.68396039e-02,
        1.25173718e-01,  6.80175126e-02,  2.83656538e-01,  2.30389178e-01,
        1.90607071e-01,  2.40644068e-01,  7.05605447e-02,  1.89017251e-01,
        2.16135770e-01,  6.61393581e-03,  7.69279152e-02,  8.74393463e-01,
        1.01413906e+00,  4.48324233e-01,  6.54376924e-01,  5.00288188e-01,
        4.07992125e-01,  1.11177850e+00,  3.83994579e-01,  6.98616743e-01,
        4.49944556e-01,  4.71614629e-01,  5.31910360e-01,  4.41378534e-01,
        7.73670256e-01,  1.17408967e+00,  5.42992711e-01,  3.47949117e-01,
        4.37380970e-01,  5.44700086e-01,  1.12522483e+00,  4.26881939e-01,
        1.04896152e+00,  6.08509421e-01,  4.59357232e-01,  5.49478173e-01,
        5.48661888e-01,  9.43598151e-01,  4.95393127e-01,  6.04105592e-01,
        4.49174076e-01,  5.68720400e-01,  4.62054938e-01,  4.88511711e-01,
        5.98068416e-01,  6.27038538e-01,  3.90554577e-01,  6.20799065e-01,
        4.16144937e-01,  3.68800581e-01,  3.98175389e-01,  9.37772989e-01,
        4.30376470e-01,  5.80422044e-01,  3.10981661e-01,  3.86254489e-01,
        4.49753553e-01,  6.11952960e-01,  4.20489669e-01,  3.26410264e-01,
        5.97895324e-01,  8.76764357e-01,  4.22292799e-01,  4.66047198e-01,
        5.65178156e-01,  5.36923885e-01,  8.31792414e-01,  4.07727569e-01,
        2.97429711e-01,  4.96017933e-01,  5.45199275e-01,  9.08431530e-01,
        5.01865923e-01,  4.58328724e-01,  4.59070176e-01,  5.60761988e-01,
        8.17656219e-01,  4.66434926e-01,  4.30547267e-01,  5.43502986e-01,
        5.93490601e-01,  9.67147410e-01,  4.38445389e-01,  6.64758921e-01,
        8.67872119e-01,  3.89020324e-01,  4.16285157e-01,  5.28126955e-01,
        9.01228189e-01,  4.38453764e-01,  5.78987658e-01,  4.15007383e-01,
        4.29608285e-01,  8.85904789e-01,  4.57648456e-01,  5.75629950e-01,
        3.13630581e-01,  4.16879058e-01,  8.83940935e-01,  4.42701399e-01,
        6.19204104e-01,  4.80830908e-01,  4.19501841e-01,  6.20888472e-01,
        8.27477753e-01,  4.40714091e-01,  4.20237392e-01,  4.81522173e-01,
        4.79723066e-01,  5.82546413e-01,  3.58743221e-01,  3.73687923e-01,
        4.40498680e-01,  9.75143909e-01,  6.67294741e-01,  2.77047336e-01,
        5.21999717e-01,  2.54181981e-01]), array([0.00484899, 0.00275804, 0.00236309, 0.00906504, 0.0081072 ,
       0.00170594, 0.00109461, 0.00690469, 0.00867623, 0.00094655,
       0.00253233, 0.00205564, 0.00397771, 0.00803729, 0.00248977,
       0.00728233, 0.00776653, 0.0114353 , 0.0031492 , 0.00143981,
       0.00296279, 0.00306678, 0.00074502, 0.00081432, 0.00594424,
       0.00100982, 0.00343956, 0.00121235, 0.00178297, 0.00285837,
       0.00554222, 0.00662611, 0.0043394 , 0.00117588, 0.00115541,
       0.00120355, 0.00451545, 0.00504786, 0.00119649, 0.00111303,
       0.00190612, 0.00493217, 0.0049069 , 0.00228893, 0.00213756,
       0.00188943, 0.00647721, 0.00538029, 0.00090048, 0.00108856,
       0.00398223, 0.0013423 , 0.00437295, 0.00096925, 0.00110987,
       0.00130174, 0.00330839, 0.00322995, 0.00098428, 0.00091479,
       0.00081282, 0.00279783, 0.00302778, 0.00233909, 0.00581233,
       0.0072033 , 0.00913577, 0.00393036, 0.00211046, 0.00437499,
       0.00372115, 0.00116536, 0.00099216, 0.00104827, 0.00385534,
       0.00518596, 0.00065623, 0.00073047, 0.00070588, 0.0019598 ,
       0.00220877, 0.00053687, 0.0006016 , 0.00062148, 0.00195188,
       0.00179601, 0.00457626, 0.00209332, 0.00143279, 0.00512419,
       0.00576605, 0.00176977, 0.00251275, 0.00202997, 0.00044576,
       0.00047644, 0.00199221, 0.00530181, 0.00424471, 0.00485702,
       0.00224557, 0.0037424 , 0.00389586, 0.00796258, 0.00261307,
       0.00647433, 0.00493599, 0.00217295, 0.00204145, 0.00103863,
       0.00080971, 0.00106031, 0.00442386, 0.00470537, 0.00129882,
       0.00209784, 0.00131376, 0.00422429, 0.0038011 , 0.00368167,
       0.00767247, 0.00174923, 0.00314797, 0.00299832, 0.00560724,
       0.0022755 , 0.00198374, 0.00499313, 0.00527182, 0.00228037,
       0.00376642, 0.00657417, 0.0048819 , 0.00814898, 0.00059377,
       0.00062347, 0.00242182, 0.00085081, 0.00232971, 0.00219196,
       0.00430647, 0.00165753, 0.00665633, 0.00513794, 0.0007631 ,
       0.00078603, 0.00101566, 0.00313867, 0.00374185, 0.00111737,
       0.00125783, 0.00133   , 0.00475353, 0.00415394, 0.00139837,
       0.00222887, 0.00116739, 0.00450135, 0.00402827, 0.00213171,
       0.00110921, 0.00087124, 0.00395447, 0.0030106 , 0.00105893,
       0.00113451, 0.00153154, 0.00580286, 0.00691817, 0.00148435,
       0.0012652 , 0.00138448, 0.00436019, 0.00469111, 0.0064937 ,
       0.00265918, 0.00158652, 0.00418745, 0.0038444 , 0.00081387,
       0.00057163, 0.00072071, 0.00149601, 0.0015163 , 0.00102441,
       0.00113491, 0.00095297, 0.0034437 , 0.00327941, 0.03506502,
       0.00404028, 0.00158363, 0.00080084, 0.0014573 , 0.00157211,
       0.00063835, 0.00077221, 0.00069182, 0.00179474, 0.00195327,
       0.003254  , 0.00249143, 0.0022032 , 0.00567291, 0.00537738,
       0.00188807, 0.00177064, 0.00249213, 0.00969639, 0.00673183,
       0.00849304, 0.01529661, 0.01442214, 0.00566938, 0.00205958,
       0.00387908, 0.00140735, 0.00393373, 0.00073898, 0.00095708,
       0.0008656 , 0.00281692, 0.00300092, 0.00229885, 0.00119133,
       0.00133001, 0.00459503, 0.00528362, 0.00255115, 0.00721471,
       0.00128835, 0.00302084, 0.00313304, 0.00088635, 0.00075264,
       0.00264053, 0.00091663, 0.00225841, 0.00081749, 0.00079906,
       0.00077319, 0.00254611, 0.00222381, 0.00308775, 0.00919395,
       0.00667513, 0.00452501, 0.00144063, 0.00207837, 0.00423586,
       0.00461315, 0.00710535, 0.02215566, 0.00592611, 0.00334416,
       0.0053967 , 0.00345392, 0.00171806, 0.00150137, 0.00661998,
       0.00610371, 0.00078812, 0.0009059 , 0.00100676, 0.00282013,
       0.00317085, 0.00132326, 0.00104205, 0.000973  , 0.00340614,
       0.00356243, 0.01064584, 0.00437736, 0.00188877, 0.00374347,
       0.00378382, 0.01542251, 0.00584708, 0.00460826, 0.0085998 ,
       0.00803869, 0.00980719, 0.00299826, 0.00159215, 0.00350932,
       0.00240922, 0.00288603, 0.01248233, 0.01419324, 0.02080973,
       0.00255726, 0.00768454, 0.00403759, 0.00347849, 0.00205622,
       0.00566137, 0.00147009, 0.00176301, 0.00111665, 0.00346334,
       0.00329417, 0.00834052, 0.03492157, 0.01965547, 0.00170864,
       0.00172684, 0.00314679, 0.00824529, 0.01582459, 0.00115781,
       0.00094566, 0.00104649, 0.00482515, 0.00354528, 0.00181901,
       0.00670114, 0.00715193, 0.01083551, 0.00566584, 0.01575344,
       0.00261089, 0.00511074, 0.00546619, 0.00179436, 0.00181631,
       0.00154826, 0.00650614, 0.00788036, 0.0017404 , 0.00170944,
       0.00622278, 0.00575525, 0.00140366, 0.00170049, 0.00207932,
       0.00701028, 0.00885793, 0.00220465, 0.00231181, 0.0021028 ,
       0.00794765, 0.00819585, 0.00340317, 0.00850461, 0.00197934,
       0.00417958, 0.00448538, 0.0005624 , 0.00071355, 0.0005369 ,
       0.00149978, 0.00181537, 0.00425406, 0.00329231, 0.00295242,
       0.00343561, 0.00593163, 0.00489905, 0.00194548, 0.0056951 ,
       0.00400936, 0.00096741, 0.00155794, 0.00283423, 0.00249633,
       0.00211613, 0.00186192, 0.00147827, 0.00635481, 0.00791086,
       0.00207493, 0.00253809, 0.00169253, 0.00994746, 0.00908296,
       0.00064648, 0.00081112, 0.00072418, 0.00235626, 0.0026241 ,
       0.00455675, 0.01170443, 0.00507265, 0.00237535, 0.00446263,
       0.00350315, 0.00250507, 0.01401755, 0.00322679, 0.01323459]), array([[1, 0, 0, 0, 0, 0, 0, 0, 0, 0, 0, 0, 0, 1, 0, 0, 0, 1, 0, 0, 0, 0,
        1, 0, 0, 0, 0, 1, 0, 0, 0, 0, 0, 1, 0, 0, 0, 0, 1, 0, 0, 0, 0, 1,
        0, 0, 0, 0, 1, 0, 0, 0, 0, 1, 0, 0, 0, 0, 1, 0, 0, 0, 0, 0, 0, 0,
        1, 0, 0, 0, 0, 1, 0, 0, 0, 0, 1, 0, 0, 0, 0, 1, 0, 0, 0, 0, 1, 0,
        0, 0, 0, 1, 0, 0, 1, 0, 0, 0, 0, 0, 0, 0, 0, 0, 0, 0, 0, 0, 0, 1,
        0, 0, 0, 0, 0, 1, 0, 0, 0, 0, 1, 0, 0, 0, 1, 0, 0, 0, 0, 1, 0, 0,
        0, 0, 0, 1, 0, 0, 0, 0, 1, 0, 0, 0, 0, 1, 0, 0, 0, 0, 1, 0, 0, 0,
        0, 1, 0, 0, 0, 1, 0, 0, 0, 0, 1, 0, 0, 0, 0, 1, 0, 0, 0, 0, 1, 0,
        0, 0, 0, 1, 0, 0, 0, 0, 1, 0, 0, 0, 0, 0, 1, 0, 0, 0, 0, 1, 0, 0,
        0, 0, 1, 0, 0, 0, 0, 1, 0, 0, 0, 0, 0, 0, 0, 1, 0, 0, 0, 0, 1, 0,
        0, 0, 0, 1, 0, 0, 0, 0, 0, 1, 0, 0, 0, 1, 0, 0, 0, 0, 1, 0, 0, 0,
        0, 0, 0, 0, 1, 0, 0, 0, 0, 0, 1, 0, 0, 0, 1, 0, 0, 0, 0, 0, 1, 0,
        0, 0, 1, 0, 0, 0, 0, 1, 0, 0, 0, 0, 1, 0, 0, 0, 0, 0, 0, 1, 1, 0,
        0, 0, 0, 1, 0, 0, 0, 0, 0, 0, 0, 1, 0, 0, 0, 0, 1, 0, 1, 0, 0, 0,
        0, 1, 0, 0, 0, 0, 0, 0, 0, 0, 0, 1, 0, 0, 0, 1, 0, 0, 0, 0, 0, 0,
        0, 0, 0, 1, 0, 0, 0, 0, 1, 0, 0, 0, 0, 1, 0, 0, 0, 0, 1, 0, 0, 0,
        0, 1, 0, 0, 1, 0, 0, 0, 1, 0, 0, 0, 0, 1, 0, 0, 0, 0, 1, 0, 0, 0,
        0, 0, 1, 0, 0, 0, 0, 1, 0, 0, 0, 1, 0, 0, 0, 0],
       [0, 1, 0, 0, 0, 0, 1, 0, 0, 0, 0, 0, 1, 0, 0, 0, 0, 0, 1, 0, 0, 0,
        0, 1, 0, 0, 0, 0, 0, 1, 0, 0, 0, 0, 0, 1, 0, 0, 0, 1, 0, 0, 0, 0,
        1, 0, 0, 0, 0, 1, 0, 0, 0, 0, 0, 1, 0, 0, 0, 1, 0, 0, 0, 0, 0, 0,
        0, 1, 0, 0, 0, 0, 1, 0, 0, 0, 0, 0, 1, 0, 0, 0, 1, 0, 0, 0, 0, 1,
        0, 0, 0, 0, 0, 1, 0, 1, 0, 1, 0, 1, 0, 0, 0, 1, 0, 0, 0, 0, 0, 0,
        1, 0, 0, 0, 1, 0, 0, 0, 0, 1, 0, 0, 0, 0, 0, 1, 0, 0, 0, 0, 1, 0,
        0, 0, 1, 0, 0, 0, 0, 1, 0, 0, 0, 0, 1, 0, 0, 0, 0, 1, 0, 0, 0, 0,
        1, 0, 0, 0, 0, 0, 1, 0, 0, 0, 0, 1, 0, 0, 0, 0, 1, 0, 0, 0, 0, 1,
        0, 0, 0, 0, 0, 1, 0, 0, 0, 0, 1, 0, 0, 0, 0, 1, 0, 0, 0, 0, 1, 0,
        0, 0, 0, 1, 0, 0, 0, 0, 1, 0, 0, 0, 0, 0, 0, 0, 1, 0, 0, 0, 0, 0,
        1, 0, 0, 0, 1, 0, 0, 0, 1, 0, 0, 0, 0, 0, 1, 0, 0, 0, 0, 1, 0, 0,
        0, 0, 0, 0, 0, 0, 1, 0, 0, 1, 0, 0, 0, 0, 0, 0, 1, 0, 0, 1, 0, 0,
        0, 0, 0, 0, 1, 0, 0, 0, 1, 0, 0, 0, 0, 1, 0, 0, 0, 0, 0, 0, 0, 0,
        1, 0, 0, 0, 0, 1, 0, 0, 0, 0, 1, 0, 0, 0, 0, 0, 0, 0, 0, 1, 0, 0,
        0, 0, 0, 1, 0, 0, 0, 0, 0, 0, 1, 0, 0, 0, 0, 0, 0, 1, 0, 0, 0, 1,
        0, 0, 1, 0, 0, 0, 0, 1, 0, 0, 0, 0, 1, 0, 0, 0, 0, 1, 0, 0, 0, 0,
        1, 0, 0, 1, 0, 0, 0, 0, 0, 0, 1, 0, 0, 0, 0, 1, 0, 0, 0, 0, 1, 0,
        0, 1, 0, 0, 0, 0, 1, 0, 0, 0, 0, 0, 1, 0, 0, 0],
       [0, 0, 1, 0, 0, 1, 0, 0, 0, 1, 0, 0, 0, 0, 1, 0, 0, 0, 0, 1, 0, 0,
        0, 0, 0, 1, 0, 0, 1, 0, 0, 0, 0, 0, 1, 0, 0, 0, 0, 0, 1, 0, 0, 0,
        0, 1, 0, 0, 0, 0, 0, 1, 0, 0, 1, 0, 0, 0, 0, 0, 1, 0, 0, 1, 0, 0,
        0, 0, 1, 0, 0, 0, 0, 1, 0, 0, 0, 1, 0, 0, 0, 0, 0, 1, 0, 0, 0, 0,
        1, 0, 0, 0, 1, 0, 0, 0, 0, 0, 1, 0, 1, 0, 0, 0, 1, 0, 0, 0, 0, 0,
        0, 1, 0, 0, 0, 0, 1, 0, 0, 0, 0, 1, 0, 0, 0, 0, 1, 0, 0, 0, 0, 1,
        0, 0, 0, 0, 0, 1, 0, 0, 0, 1, 0, 0, 0, 0, 1, 0, 0, 0, 0, 1, 0, 0,
        0, 0, 1, 0, 0, 0, 0, 1, 0, 0, 0, 0, 1, 0, 0, 0, 0, 1, 0, 0, 0, 0,
        1, 0, 0, 0, 1, 0, 0, 0, 0, 1, 0, 0, 0, 1, 0, 0, 1, 0, 0, 0, 0, 1,
        0, 0, 0, 0, 1, 0, 0, 0, 0, 1, 0, 0, 1, 0, 0, 0, 0, 0, 1, 0, 0, 1,
        0, 0, 0, 0, 0, 1, 0, 0, 0, 0, 1, 0, 0, 0, 0, 0, 1, 0, 0, 0, 1, 0,
        0, 1, 0, 0, 0, 1, 0, 0, 0, 0, 0, 0, 1, 0, 0, 1, 0, 0, 0, 0, 0, 1,
        0, 0, 0, 1, 0, 0, 0, 0, 0, 1, 0, 0, 0, 0, 1, 0, 0, 0, 1, 0, 0, 1,
        0, 0, 0, 0, 1, 0, 0, 0, 1, 0, 0, 0, 1, 0, 0, 0, 0, 0, 0, 0, 1, 0,
        0, 0, 1, 0, 0, 0, 1, 0, 0, 0, 0, 0, 1, 0, 0, 0, 1, 0, 0, 0, 1, 0,
        0, 0, 0, 0, 1, 0, 0, 0, 0, 1, 0, 0, 0, 0, 1, 0, 0, 0, 0, 1, 0, 0,
        0, 0, 1, 0, 0, 0, 1, 0, 0, 1, 0, 0, 0, 0, 1, 0, 0, 0, 0, 1, 0, 0,
        0, 0, 0, 1, 0, 0, 0, 0, 0, 1, 0, 0, 0, 0, 1, 0],
       [0, 0, 0, 1, 1, 0, 0, 1, 1, 0, 1, 1, 0, 0, 0, 1, 1, 0, 0, 0, 1, 1,
        0, 0, 1, 0, 1, 0, 0, 0, 1, 1, 1, 0, 0, 0, 1, 1, 0, 0, 0, 1, 1, 0,
        0, 0, 1, 1, 0, 0, 1, 0, 1, 0, 0, 0, 1, 1, 0, 0, 0, 1, 1, 0, 1, 1,
        0, 0, 0, 1, 1, 0, 0, 0, 1, 1, 0, 0, 0, 1, 1, 0, 0, 0, 1, 1, 0, 0,
        0, 1, 1, 0, 0, 0, 0, 0, 1, 0, 0, 0, 0, 1, 1, 0, 0, 1, 1, 1, 1, 0,
        0, 0, 1, 1, 0, 0, 0, 1, 1, 0, 0, 0, 1, 1, 0, 0, 0, 1, 1, 0, 0, 0,
        1, 1, 0, 0, 1, 0, 1, 0, 0, 0, 1, 1, 0, 0, 0, 1, 1, 0, 0, 0, 1, 1,
        0, 0, 0, 1, 1, 0, 0, 0, 1, 1, 0, 0, 0, 1, 1, 0, 0, 0, 1, 1, 0, 0,
        0, 1, 1, 0, 0, 0, 1, 1, 0, 0, 0, 1, 1, 0, 0, 0, 0, 1, 1, 0, 0, 0,
        1, 1, 0, 0, 0, 1, 1, 0, 0, 0, 1, 1, 0, 1, 1, 0, 0, 1, 0, 1, 0, 0,
        0, 1, 1, 0, 0, 0, 1, 1, 0, 0, 0, 1, 1, 0, 0, 1, 0, 1, 0, 0, 0, 1,
        1, 0, 1, 1, 0, 0, 0, 1, 1, 0, 0, 1, 0, 1, 0, 0, 0, 1, 1, 0, 0, 0,
        1, 1, 0, 0, 0, 1, 1, 0, 0, 0, 1, 1, 0, 0, 0, 1, 1, 1, 0, 0, 0, 0,
        0, 1, 1, 0, 0, 0, 1, 1, 0, 1, 0, 0, 0, 1, 1, 1, 0, 1, 0, 0, 0, 1,
        1, 0, 0, 0, 1, 1, 0, 1, 1, 1, 0, 0, 0, 1, 1, 0, 0, 0, 1, 1, 0, 0,
        1, 1, 0, 0, 0, 1, 1, 0, 0, 0, 1, 1, 0, 0, 0, 1, 1, 0, 0, 0, 1, 1,
        0, 0, 0, 0, 0, 1, 0, 1, 0, 0, 0, 1, 1, 0, 0, 0, 1, 1, 0, 0, 0, 1,
        1, 0, 0, 0, 1, 1, 0, 0, 1, 0, 1, 0, 0, 1, 0, 1]]))
  kwargs: {}
  exception:
63815 63816 optimal
Running object 63815
{'g': 1.0244583, 'r': 1.4031603, 'i': 1.7633209, 'z': 1.7331656}
(4, 196)
1396
437.56076769963266
[-0.44685269  3.31517588  0.00885624  0.00613153 -0.00744867 -0.01424487
  0.59442899  1.12290946  1.07500238]
(4, 146)
1146
437.56076769963266
[-0.44685269  3.31517588  0.00885624  0.00613153 -0.00744867 -0.01424487
  0.59442899  1.12290946  1.07500238]
ROW: 63815 Tau: 3.315175875922184 V: -0.4468526902213053 dMu: 0.00885623787465506
60141 60142 optimal
Running object 60141
{'g': 1.6392, 'r': 1.8554038, 'i': 2.6227076, 'z': 2.6677506}
(22, 68)
6668
564.271053334617
[-0.77042935  3.07598486 -0.0171816  -0.0105412  -0.01686578 -0.01931928
  0.63146299  0.96187251  0.91074065]
(22, 18)
5518
564.271053334617
[-0.77042935  3.07598486 -0.0171816  -0.0105412  -0.01686578 -0.01931928
  0.63146299  0.96187251  0.91074065]
ROW: 60141 Tau: 3.0759848612205603 V: -0.7704293532210456 dMu: -0.01718159574439606
47662 47663 optimal
Running object 47662
{'g': 1.1790453, 'r': 1.4696927, 'i': 2.075582, 'z': 2.90398}
(68, 214)
20614
547.43380178593
[-8.75057847e-01  3.13730878e+00  2.39399334e-02  2.40611556e-03
 -1.28475677e-02 -2.29819268e-02  5.71476518e-01  9.04990771e-01
  1.09427443e+00]
(68, 164)
17164
547.43380178593
[-8.75057847e-01  3.13730878e+00  2.39399334e-02  2.40611556e-03
 -1.28475677e-02 -2.29819268e-02  5.71476518e-01  9.04990771e-01
  1.09427443e+00]
ROW: 47662 Tau: 3.1373087825018344 V: -0.8750578467872879 dMu: 0.023939933440377203
17999 18000 optimal
Running object 17999
{'g': 2.2057827, 'r': 2.568015, 'i': 3.5001686, 'z': 3.3355742}
(0, 117)
117
406.7403801596265
[-7.03224669e-01  2.52574409e+00 -7.25969792e-03  2.34068800e-02
  7.33189124e-04  1.40549649e-02  6.56422480e-01  1.04140779e+00
  9.47518060e-01]
(0, 67)
67
406.7403801596265
[-7.03224669e-01  2.52574409e+00 -7.25969792e-03  2.34068800e-02
  7.33189124e-04  1.40549649e-02  6.56422480e-01  1.04140779e+00
  9.47518060e-01]
ROW: 17999 Tau: 2.525744092040214 V: -0.703224669303367 dMu: -0.007259697924060626
9004 9005 optimal
Running object 9004
{'g': 2.7318854, 'r': 2.8564348, 'i': 3.8567748, 'z': 3.647069}
(3, 298)
1198
694.4216533646442
[-0.46229729  3.68296999  0.00639874  0.0124749   0.00856294 -0.00545427
  0.70944857  1.3350642   1.28773652]
(3, 248)
998
694.4216533646442
[-0.46229729  3.68296999  0.00639874  0.0124749   0.00856294 -0.00545427
  0.70944857  1.3350642   1.28773652]
ROW: 9004 Tau: 3.682969991925718 V: -0.46229728639609946 dMu: 0.006398739471495649
3347 3348 optimal
Running object 3347
{'g': 1.2993842, 'r': 1.9879203, 'i': 1.8528771, 'z': 1.7487404}
emcee: Exception while calling your likelihood function:
  params: [-7.46355468e-01  2.98867000e+00  1.02142820e-01  1.10737813e-01
 -2.46033996e-03 -5.86226298e-02  5.28493632e-01  7.88244398e-01
  7.33763412e-01]
  args: (array([56266.25390625, 56266.25390625, 56266.2578125 , 56266.26171875,
       56266.26171875, 56268.1171875 , 56271.2890625 , 56271.29296875,
       56271.296875  , 56277.20703125, 56277.20703125, 56277.2109375 ,
       56285.22265625, 56285.22265625, 56285.2265625 , 56285.2265625 ,
       56285.23046875, 56290.20703125, 56290.20703125, 56290.2109375 ,
       56290.21484375, 56290.21484375, 56299.0859375 , 56299.0859375 ,
       56299.08984375, 56299.08984375, 56299.09375   , 56309.18359375,
       56309.1875    , 56309.1875    , 56309.19140625, 56309.1953125 ,
       56322.1171875 , 56322.125     , 56326.11328125, 56326.1171875 ,
       56326.1171875 , 56326.12109375, 56326.125     , 56331.06640625,
       56331.0703125 , 56331.0703125 , 56331.07421875, 56331.078125  ,
       56534.21875   , 56534.21875   , 56534.22265625, 56534.2265625 ,
       56534.2265625 , 56538.36328125, 56538.3671875 , 56538.37109375,
       56538.37109375, 56538.375     , 56543.30859375, 56543.3125    ,
       56543.3125    , 56543.31640625, 56543.3203125 , 56547.26953125,
       56547.26953125, 56547.2734375 , 56547.2734375 , 56547.27734375,
       56551.25390625, 56552.26953125, 56552.27734375, 56552.27734375,
       56552.28125   , 56559.19140625, 56559.19140625, 56559.1953125 ,
       56559.19921875, 56559.19921875, 56563.19921875, 56563.203125  ,
       56563.203125  , 56563.20703125, 56563.2109375 , 56567.21875   ,
       56567.22265625, 56567.22265625, 56567.2265625 , 56567.23046875,
       56575.19140625, 56575.1953125 , 56575.1953125 , 56575.19921875,
       56575.19921875, 56579.1796875 , 56579.18359375, 56579.18359375,
       56579.1875    , 56579.19140625, 56594.1328125 , 56594.13671875,
       56594.13671875, 56594.140625  , 56594.140625  , 56602.1171875 ,
       56602.12109375, 56602.12109375, 56602.125     , 56602.12890625,
       56607.05859375, 56607.05859375, 56607.0625    , 56614.07421875,
       56614.07421875, 56614.078125  , 56614.08203125, 56614.08203125,
       56615.09765625, 56615.1015625 , 56615.1015625 , 56615.10546875,
       56625.18359375, 56625.18359375, 56625.1875    , 56625.19140625,
       56625.19140625, 56628.07421875, 56628.078125  , 56628.08203125,
       56628.08203125, 56628.0859375 , 56635.12890625, 56635.12890625,
       56635.1328125 , 56635.1328125 , 56635.13671875, 56645.078125  ,
       56645.078125  , 56645.08203125, 56645.0859375 , 56645.0859375 ,
       56649.1640625 , 56649.16796875, 56649.171875  , 56649.171875  ,
       56649.17578125, 56653.0859375 , 56653.08984375, 56653.08984375,
       56653.09375   , 56653.09375   , 56660.08984375, 56660.08984375,
       56660.09375   , 56660.09375   , 56660.09765625, 56667.1171875 ,
       56667.1171875 , 56667.12109375, 56667.125     , 56667.125     ,
       56682.08203125, 56682.08203125, 56682.0859375 , 56682.08984375,
       56682.08984375, 56686.12109375, 56686.12109375, 56686.125     ,
       56686.12890625, 56686.12890625, 56693.03515625, 56693.03515625,
       56693.0390625 , 56693.04296875, 56693.04296875, 56887.390625  ,
       56887.390625  , 56887.39453125, 56887.3984375 , 56887.3984375 ,
       56891.390625  , 56891.39453125, 56891.39453125, 56891.3984375 ,
       56891.40234375, 56904.296875  , 56904.296875  , 56904.30078125,
       56904.30078125, 56904.3046875 , 56912.34375   , 56912.34765625,
       56912.34765625, 56912.3515625 , 56912.3515625 , 56920.3046875 ,
       56920.30859375, 56920.30859375, 56920.3125    , 56920.31640625,
       56927.234375  , 56927.23828125, 56927.23828125, 56927.2421875 ,
       56927.24609375, 56943.23046875, 56943.23046875, 56943.234375  ,
       56943.23828125, 56943.23828125, 56949.32421875, 56949.32421875,
       56949.328125  , 56949.33203125, 56949.33203125, 56956.3359375 ,
       56956.33984375, 56956.34375   , 56956.34375   , 56956.34765625,
       56960.26953125, 56960.2734375 , 56960.27734375, 56960.28125   ,
       56973.31640625, 56973.31640625, 56973.3203125 , 56973.3203125 ,
       56973.32421875, 56980.31640625, 56980.3203125 , 56980.3203125 ,
       56980.32421875, 56980.328125  , 56988.03125   , 56988.03125   ,
       56988.03515625, 56988.03515625, 56988.0390625 , 56992.13671875,
       56992.13671875, 56992.140625  , 56992.14453125, 56992.14453125,
       57008.11328125, 57008.1171875 , 57008.1171875 , 57008.12109375,
       57012.08203125, 57012.0859375 , 57012.0859375 , 57012.08984375,
       57012.08984375, 57018.07421875, 57018.078125  , 57018.08203125,
       57019.0703125 , 57019.07421875, 57019.07421875, 57019.078125  ,
       57019.078125  , 57026.16796875, 57026.171875  , 57026.171875  ,
       57026.17578125, 57033.16015625, 57033.1640625 , 57033.1640625 ,
       57033.16796875, 57033.171875  , 57040.17578125, 57040.17578125,
       57040.1796875 , 57040.18359375, 57040.18359375, 57047.0859375 ,
       57047.08984375, 57047.08984375, 57047.09375   , 57047.09765625,
       57054.03515625, 57054.03515625, 57054.0390625 , 57054.0390625 ,
       57054.04296875, 57061.140625  , 57061.14453125, 57061.1484375 ,
       57061.1484375 , 57061.15234375, 57066.03515625, 57066.03515625,
       57255.41015625, 57255.4140625 , 57255.4140625 , 57255.41796875,
       57255.421875  , 57265.36328125, 57265.3671875 , 57265.3671875 ,
       57265.37109375, 57265.37109375, 57276.34375   , 57276.3515625 ,
       57278.234375  , 57278.234375  , 57278.23828125, 57278.2421875 ,
       57278.2421875 , 57286.2578125 , 57291.19140625, 57291.1953125 ,
       57291.203125  , 57304.17578125, 57304.1796875 , 57304.18359375,
       57304.18359375, 57304.1875    , 57311.35546875, 57311.359375  ,
       57311.359375  , 57311.36328125, 57311.36328125, 57315.234375  ,
       57315.234375  , 57315.23828125, 57319.15625   , 57325.12109375,
       57325.12109375, 57325.125     , 57325.12890625, 57325.12890625,
       57329.2109375 , 57329.21484375, 57329.21484375, 57329.21875   ,
       57329.22265625, 57332.078125  , 57332.078125  , 57332.08203125,
       57332.0859375 , 57339.296875  , 57339.296875  , 57339.30078125,
       57339.30078125, 57339.3046875 , 57345.3125    , 57345.3125    ,
       57345.31640625, 57345.3203125 , 57345.3203125 , 57355.23828125,
       57355.23828125, 57355.2421875 , 57355.24609375, 57355.24609375,
       57365.18359375, 57365.18359375, 57365.19140625, 57372.23828125,
       57372.23828125, 57372.2421875 , 57375.046875  , 57375.046875  ,
       57375.05078125, 57375.05078125, 57375.0546875 , 57385.1484375 ,
       57385.15234375, 57385.15234375, 57385.15625   , 57385.15625   ,
       57389.1484375 , 57389.15234375, 57389.15234375, 57389.15625   ,
       57389.16015625, 57394.15625   , 57394.16015625, 57394.16015625,
       57394.1640625 , 57394.16796875, 57401.13671875, 57401.13671875,
       57401.140625  , 57401.14453125, 57401.14453125, 57408.06640625,
       57408.06640625, 57408.0703125 , 57408.0703125 , 57408.07421875,
       57425.14453125, 57425.15234375, 57425.15234375, 57425.15625   ]), array([-0.17667003, -0.14587912, -0.1518008 ,  0.01010825,  0.05768493,
       -0.11828957, -0.1880572 , -0.26526484,  0.12280195, -0.20071307,
       -0.1713153 , -0.17432076, -0.22410123, -0.14883654, -0.16104566,
       -0.11032821, -0.21000868, -0.21874954, -0.06696828, -0.20413992,
       -0.14783157, -0.12873821, -0.16444364, -0.10786783, -0.14064871,
       -0.11695793, -0.10124593, -0.19496974, -0.17133719, -0.09702446,
       -0.10710421, -0.03990655,  0.03816468, -0.15676263, -0.1348252 ,
       -0.19911923, -0.0769788 , -0.06059028, -0.18472397, -0.14693874,
       -0.1620107 , -0.12226788, -0.06905819, -0.15163103,  0.08109165,
        0.11543172, -0.0252595 ,  0.02553891,  0.03432817,  0.19229534,
        0.01961047,  0.00236672,  0.0895728 , -0.03293712,  0.22961709,
        0.03994835,  0.06044588,  0.07551792, -0.00731743,  0.06374547,
        0.22258307,  0.07452586,  0.1422262 ,  0.10003628,  0.0188515 ,
       -0.05783574, -0.10726107,  0.03568171,  0.11552802, -0.00552582,
        0.11024378,  0.08842339,  0.04116317,  0.11821468,  0.23702331,
        0.04551504,  0.09571847,  0.25447947,  0.02947538,  0.17158924,
        0.05685876,  0.10653578,  0.20528774,  0.11390731,  0.22224142,
        0.03123709,  0.03255204,  0.07367478,  0.11080481,  0.26476252,
        0.00746359,  0.06847069,  0.10895888,  0.04645483,  0.35953376,
        0.14989719,  0.20457001,  0.03278456,  0.0603928 ,  0.46889287,
        0.14826429,  0.2275579 ,  0.16512345,  0.18648954,  0.10125329,
        0.27293533,  0.21832581,  0.27160576,  0.57095969,  0.20849498,
        0.08390008,  0.23113742,  0.24559909,  0.16715772,  0.25293592,
        0.15135555,  0.15475449,  0.33297455,  0.14135878,  0.1269961 ,
        0.17639691,  0.39995009,  0.15104195,  0.10234011,  0.18131989,
        0.21904363,  0.1843203 ,  0.37282547,  0.17624393,  0.23053762,
        0.07484967,  0.1135905 ,  0.27864927,  0.138377  ,  0.11934008,
        0.13938622,  0.20446163,  0.07862443,  0.06904612,  0.0701286 ,
        0.2588968 ,  0.23646055,  0.01670463,  0.04190626, -0.09747075,
        0.14266616,  0.00873285,  0.17771767,  0.05402199,  0.06750729,
        0.10210602,  0.00830481,  0.18703902,  0.05319416,  0.00306295,
        0.08200587,  0.01872416,  0.13777785,  0.03375732,  0.06416566,
        0.09576456,  0.0581508 ,  0.12381283, -0.05487632, -0.00306295,
        0.03480951, -0.04158178,  0.04295366,  0.01347849, -0.06880781,
        0.02335036, -0.11277124, -0.08435586, -0.15967557, -0.15016042,
       -0.08466391, -0.08664659, -0.10424659, -0.08475036,  0.0565913 ,
       -0.07888109, -0.12041029, -0.07729019, -0.13064393, -0.06063195,
       -0.17476529, -0.09899198, -0.1285346 , -0.07795647, -0.16402382,
       -0.06631032, -0.156629  , -0.14556217, -0.13290633, -0.20419118,
       -0.10088328, -0.18213068, -0.18229441, -0.17216514, -0.18285854,
       -0.11605292, -0.19803634, -0.13446997, -0.20683308, -0.16029397,
       -0.12218973, -0.20626283, -0.183314  , -0.17608212, -0.15528479,
       -0.14724867, -0.24132073, -0.21117063, -0.17494239, -0.14882514,
       -0.0598289 , -0.23206061, -0.21851939, -0.2399981 , -0.06612401,
       -0.23167112, -0.20320338, -0.20646816, -0.20328991, -0.08923087,
       -0.28708041, -0.22785491, -0.19778854, -0.09583539, -0.19778734,
       -0.26012111, -0.23487589, -0.20162478, -0.11740191, -0.18493679,
       -0.31634313, -0.27435163, -0.29098105, -0.15311117, -0.11407057,
       -0.27588931, -0.32416481, -0.31192732, -0.25118044, -0.29266649,
       -0.31032816, -0.29546079, -0.22622602, -0.22374733, -0.32593536,
       -0.18362789, -0.18892454, -0.38300967, -0.27383447, -0.23779179,
       -0.15952441, -0.13060917, -0.23483895, -0.32667178, -0.2059007 ,
       -0.13329802, -0.36763921, -0.29346019, -0.29060012, -0.24614598,
       -0.16125561, -0.32839066, -0.29993752, -0.30946055, -0.24045785,
       -0.19120811, -0.38454771, -0.34748042, -0.26866183, -0.20082943,
       -0.31813106, -0.40569168, -0.32033572, -0.34682399, -0.13786156,
       -0.32659462, -0.35850096, -0.29010576, -0.29784012, -0.23148754,
       -0.3450816 , -0.31319535, -0.23759872,  0.44667503,  0.08998287,
        0.09678943,  0.10287959,  0.33357337,  0.03728643,  0.09914277,
        0.14534846,  0.13489822,  0.13614385,  0.08170888,  0.17284927,
        0.10336903,  0.33103678,  0.19676049,  0.08275969,  0.17338848,
       -0.09261176,  0.29417354,  0.33232456,  0.24811946,  0.31793258,
        0.08018514,  0.03840568,  0.15062839,  0.05381452,  0.31179827,
        0.09398909,  0.10621026,  0.08370546,  0.14884545,  0.19487783,
        0.21227287,  0.28114459,  0.12162188, -0.07144424,  0.12491212,
        0.08918694,  0.18904983,  0.205787  ,  0.27280322,  0.06204885,
        0.1003124 ,  0.17159988,  0.01632748,  0.08841642,  0.14756039,
        0.08803546,  0.11271995,  0.07835939,  0.2506941 ,  0.02930189,
        0.19370234,  0.18676385,  0.0732345 ,  0.23857614,  0.0782216 ,
        0.03770272,  0.13024324,  0.06520914,  0.19974458,  0.09515488,
        0.01999871,  0.21127853,  0.0602891 ,  0.24097395,  0.00362214,
        0.01827609,  0.14946644,  0.06941754,  0.        ,  0.00552576,
       -0.01397369,  0.05452491, -0.00823743, -0.02384829, -0.04065865,
       -0.02392714, -0.12540157, -0.02325458, -0.01474382, -0.09602027,
        0.        ,  0.03272498,  0.06685246, -0.05320511, -0.07091516,
        0.00085369, -0.09080093, -0.10949972, -0.13647024, -0.13638876,
       -0.14231053, -0.16356204, -0.04384581, -0.14448425, -0.09331314,
       -0.15705527, -0.08969103, -0.12233343, -0.01084401, -0.11281266,
       -0.09258974,  0.07303338]), array([0.00143002, 0.00310672, 0.00250224, 0.01057889, 0.00924063,
       0.0017655 , 0.00060359, 0.0077642 , 0.00993829, 0.00298049,
       0.00103828, 0.00243273, 0.00204424, 0.00527707, 0.00756969,
       0.00242197, 0.00808543, 0.00166976, 0.00664661, 0.00157609,
       0.00346798, 0.00323905, 0.00045118, 0.00054386, 0.00644159,
       0.00101521, 0.00390363, 0.00076021, 0.00140096, 0.00188391,
       0.00545277, 0.00711273, 0.00567737, 0.0045601 , 0.00075892,
       0.00061802, 0.0011723 , 0.00463757, 0.00530994, 0.00089331,
       0.00196576, 0.00061563, 0.0053931 , 0.00552568, 0.00194913,
       0.00124852, 0.00206918, 0.00739926, 0.00626962, 0.00077888,
       0.00064222, 0.00136534, 0.00439217, 0.00498294, 0.00085021,
       0.00075623, 0.00125578, 0.00382689, 0.00387523, 0.00053876,
       0.0008357 , 0.00086841, 0.00301745, 0.00340382, 0.00852655,
       0.01502895, 0.00612208, 0.00232808, 0.00765864, 0.00211945,
       0.00723648, 0.00220855, 0.00390918, 0.00493356, 0.00101156,
       0.00117271, 0.00059763, 0.00433753, 0.0058237 , 0.00061658,
       0.00044326, 0.00081555, 0.00221408, 0.0025401 , 0.00056175,
       0.00075918, 0.00039381, 0.00216311, 0.0022466 , 0.00377463,
       0.00124675, 0.00166474, 0.00593712, 0.00657242, 0.00140014,
       0.0011484 , 0.00264618, 0.00924999, 0.00964724, 0.00051944,
       0.00034647, 0.0007358 , 0.00259089, 0.00284572, 0.0039834 ,
       0.00284879, 0.0127164 , 0.00290388, 0.01286129, 0.00255903,
       0.00525908, 0.00504393, 0.00470694, 0.00924138, 0.00266235,
       0.00549061, 0.0004267 , 0.00062258, 0.00085453, 0.00232154,
       0.00262853, 0.00089196, 0.00049993, 0.00495688, 0.00115856,
       0.00508852, 0.00077427, 0.00162696, 0.00476655, 0.00139279,
       0.00411016, 0.00205779, 0.00615902, 0.00189054, 0.00325825,
       0.00345534, 0.00412754, 0.00134501, 0.00527666, 0.00192091,
       0.00578363, 0.00175161, 0.00731873, 0.00187998, 0.00887529,
       0.00533441, 0.00035228, 0.00054589, 0.00080369, 0.0026105 ,
       0.00257746, 0.00122821, 0.00343928, 0.00180032, 0.00734264,
       0.00553369, 0.00044646, 0.00065118, 0.00104445, 0.00384686,
       0.00339139, 0.00066245, 0.00097926, 0.00130799, 0.00472376,
       0.00442263, 0.00077156, 0.00170026, 0.00129418, 0.00420877,
       0.00478213, 0.00062214, 0.00159194, 0.0008585 , 0.00393781,
       0.00312194, 0.00080313, 0.00063304, 0.00156169, 0.0062106 ,
       0.0075143 , 0.00065865, 0.00106785, 0.00424888, 0.00134279,
       0.00469172, 0.00487422, 0.00159318, 0.00138476, 0.00462824,
       0.00390568, 0.00060945, 0.00040127, 0.00056449, 0.00160233,
       0.00160584, 0.00076078, 0.00110286, 0.00050685, 0.0036499 ,
       0.00333381, 0.00084624, 0.00310912, 0.00077636, 0.00161139,
       0.001624  , 0.00048113, 0.00043287, 0.00061912, 0.0019204 ,
       0.00198014, 0.00215139, 0.00122246, 0.0020674 , 0.00525734,
       0.00515529, 0.00130032, 0.00085998, 0.00246162, 0.0069778 ,
       0.00342015, 0.00097349, 0.00130919, 0.00362082, 0.00405821,
       0.00046793, 0.00042706, 0.00091808, 0.00291801, 0.00281676,
       0.0017077 , 0.00060476, 0.0013585 , 0.0053519 , 0.00553898,
       0.00505674, 0.00129753, 0.00132281, 0.00324007, 0.00332799,
       0.0003639 , 0.00088373, 0.00270301, 0.00257704, 0.00054591,
       0.0007615 , 0.00040613, 0.00262454, 0.00236869, 0.00289898,
       0.00941691, 0.00680683, 0.00291445, 0.00101257, 0.00132335,
       0.00423915, 0.00457431, 0.00382131, 0.00332215, 0.00636103,
       0.00575237, 0.00228687, 0.00077445, 0.00171043, 0.00637186,
       0.00653938, 0.00052087, 0.00033151, 0.0009087 , 0.00298751,
       0.00340622, 0.00079389, 0.0004725 , 0.00102204, 0.00354275,
       0.00380152, 0.00678901, 0.00213356, 0.00175142, 0.00382837,
       0.0039067 , 0.00917035, 0.00295142, 0.00419374, 0.00940106,
       0.00887152, 0.00284288, 0.00963917, 0.00248645, 0.00148573,
       0.00244241, 0.01242801, 0.01560753, 0.01397306, 0.00256019,
       0.00388324, 0.00433551, 0.00369237, 0.00196736, 0.00604694,
       0.00074881, 0.00109427, 0.00109671, 0.00348874, 0.00377799,
       0.00841999, 0.02501395, 0.02250707, 0.01903328, 0.00113923,
       0.00086639, 0.00926836, 0.0030769 , 0.01848207, 0.00073888,
       0.00088361, 0.00051465, 0.00358692, 0.00491453, 0.00670768,
       0.00174456, 0.00722594, 0.01100255, 0.01067302, 0.00284692,
       0.00259285, 0.00624259, 0.00540296, 0.00115937, 0.0017667 ,
       0.00076918, 0.00637687, 0.00780924, 0.0008641 , 0.00169875,
       0.00654723, 0.00578727, 0.00065515, 0.0009961 , 0.00189313,
       0.00691752, 0.00836351, 0.00107157, 0.00142889, 0.00209725,
       0.00741755, 0.00769253, 0.00174114, 0.00560232, 0.00184153,
       0.00456409, 0.00436416, 0.00027484, 0.0004489 , 0.00136799,
       0.00272158, 0.00192972, 0.00267286, 0.00417665, 0.00176938,
       0.00544723, 0.00198819, 0.00633234, 0.00247787, 0.00073788,
       0.00088137, 0.00284884, 0.00255807, 0.00128581, 0.00067809,
       0.00166281, 0.00687147, 0.00798363, 0.00110066, 0.00080344,
       0.00237732, 0.00976712, 0.00930257, 0.00027161, 0.00042287,
       0.0006501 , 0.00247865, 0.00251895, 0.00771498, 0.00224676,
       0.00578689, 0.00233474, 0.00504883, 0.00202863, 0.00294157,
       0.01414968, 0.01245914]), array([[0, 1, 0, 0, 0, 0, 0, 0, 0, 0, 0, 0, 0, 1, 0, 0, 0, 0, 1, 0, 0, 0,
        0, 1, 0, 0, 0, 1, 0, 0, 0, 0, 1, 0, 1, 0, 0, 0, 0, 1, 0, 0, 0, 0,
        1, 0, 0, 0, 0, 1, 0, 0, 0, 0, 1, 0, 0, 0, 0, 0, 1, 0, 0, 0, 0, 1,
        0, 0, 0, 0, 1, 0, 0, 0, 1, 0, 0, 0, 0, 1, 0, 0, 0, 0, 1, 0, 0, 0,
        0, 1, 0, 0, 0, 0, 1, 0, 0, 0, 0, 1, 0, 0, 0, 0, 0, 0, 0, 0, 1, 0,
        0, 0, 0, 0, 0, 0, 0, 1, 0, 0, 0, 1, 0, 0, 0, 0, 0, 1, 0, 0, 0, 0,
        1, 0, 0, 0, 1, 0, 0, 0, 0, 1, 0, 0, 0, 0, 0, 1, 0, 0, 0, 0, 1, 0,
        0, 0, 0, 1, 0, 0, 0, 0, 1, 0, 0, 0, 0, 1, 0, 0, 0, 0, 1, 0, 0, 0,
        1, 0, 0, 0, 0, 0, 1, 0, 0, 0, 1, 0, 0, 0, 0, 1, 0, 0, 0, 0, 1, 0,
        0, 0, 0, 0, 1, 0, 0, 0, 1, 0, 0, 0, 0, 1, 0, 0, 0, 0, 1, 0, 0, 0,
        1, 0, 0, 0, 0, 1, 0, 0, 0, 0, 1, 0, 0, 0, 0, 1, 0, 0, 0, 0, 0, 0,
        0, 0, 1, 0, 0, 0, 0, 0, 0, 0, 1, 0, 0, 0, 0, 0, 0, 0, 0, 1, 0, 0,
        0, 0, 1, 0, 0, 0, 0, 1, 0, 0, 0, 0, 1, 0, 0, 0, 0, 1, 0, 0, 0, 0,
        0, 0, 1, 0, 0, 0, 0, 1, 0, 0, 0, 0, 0, 0, 0, 1, 0, 0, 0, 0, 1, 0,
        0, 1, 0, 0, 0, 0, 1, 0, 0, 0, 0, 0, 0, 0, 0, 1, 0, 0, 0, 0, 1, 0,
        0, 0, 0, 0, 0, 0, 0, 0, 1, 0, 0, 0, 0, 1, 0, 0, 0, 0, 1, 0, 0, 0,
        0, 1, 0, 0, 1, 0, 1, 0, 0, 0, 0, 1, 0, 0, 0, 0, 1, 0, 0, 0, 0, 1,
        0, 0, 0, 0, 0, 1, 0, 0, 0, 1, 0, 0, 0, 0, 1, 0, 0, 0],
       [1, 0, 0, 0, 0, 0, 1, 0, 0, 0, 0, 0, 1, 0, 0, 0, 0, 1, 0, 0, 0, 0,
        1, 0, 0, 0, 0, 0, 1, 0, 0, 0, 0, 0, 0, 1, 0, 0, 0, 0, 0, 1, 0, 0,
        0, 1, 0, 0, 0, 0, 1, 0, 0, 0, 0, 1, 0, 0, 0, 1, 0, 0, 0, 0, 0, 0,
        0, 0, 0, 1, 0, 0, 0, 0, 0, 0, 1, 0, 0, 0, 1, 0, 0, 0, 0, 0, 1, 0,
        0, 0, 1, 0, 0, 0, 0, 1, 0, 0, 0, 0, 1, 0, 0, 0, 0, 1, 0, 1, 0, 0,
        0, 0, 1, 0, 0, 0, 1, 0, 0, 0, 0, 0, 1, 0, 0, 0, 1, 0, 0, 0, 0, 1,
        0, 0, 0, 0, 0, 1, 0, 0, 0, 0, 0, 1, 0, 0, 1, 0, 0, 0, 0, 1, 0, 0,
        0, 0, 1, 0, 0, 0, 0, 1, 0, 0, 0, 0, 1, 0, 0, 0, 0, 1, 0, 0, 0, 0,
        0, 1, 0, 0, 0, 1, 0, 0, 0, 0, 0, 0, 1, 0, 0, 0, 1, 0, 0, 0, 0, 0,
        1, 0, 0, 1, 0, 0, 0, 0, 0, 1, 0, 0, 0, 0, 1, 0, 0, 0, 0, 1, 0, 0,
        0, 1, 0, 0, 0, 0, 1, 0, 0, 0, 0, 1, 0, 0, 0, 0, 1, 0, 0, 0, 1, 0,
        0, 0, 0, 0, 1, 0, 0, 0, 0, 0, 0, 1, 0, 0, 0, 1, 0, 0, 0, 0, 1, 0,
        0, 0, 0, 1, 0, 0, 0, 0, 1, 0, 0, 0, 0, 1, 0, 0, 0, 0, 1, 0, 0, 0,
        0, 0, 0, 1, 0, 0, 0, 0, 0, 1, 0, 0, 0, 0, 1, 0, 0, 0, 0, 0, 0, 1,
        0, 0, 1, 0, 0, 0, 0, 0, 1, 0, 0, 0, 0, 0, 0, 0, 1, 0, 0, 0, 0, 0,
        1, 0, 0, 1, 0, 0, 0, 1, 0, 0, 0, 0, 1, 0, 0, 0, 0, 1, 0, 0, 0, 0,
        1, 0, 0, 1, 0, 0, 0, 1, 0, 0, 0, 0, 1, 0, 0, 0, 0, 1, 0, 0, 0, 0,
        1, 0, 0, 0, 1, 0, 0, 0, 0, 0, 1, 0, 0, 0, 0, 0, 0, 0],
       [0, 0, 1, 0, 0, 1, 0, 0, 0, 0, 1, 0, 0, 0, 0, 1, 0, 0, 0, 1, 0, 0,
        0, 0, 0, 1, 0, 0, 0, 1, 0, 0, 0, 0, 0, 0, 1, 0, 0, 0, 1, 0, 0, 0,
        0, 0, 1, 0, 0, 0, 0, 1, 0, 0, 0, 0, 1, 0, 0, 0, 0, 1, 0, 0, 0, 0,
        0, 1, 0, 0, 0, 1, 0, 0, 0, 1, 0, 0, 0, 0, 0, 1, 0, 0, 0, 1, 0, 0,
        0, 0, 0, 1, 0, 0, 0, 0, 1, 0, 0, 0, 0, 1, 0, 0, 1, 0, 0, 0, 0, 1,
        0, 0, 0, 0, 1, 0, 0, 0, 1, 0, 0, 0, 0, 0, 1, 0, 0, 0, 0, 1, 0, 0,
        0, 1, 0, 0, 0, 0, 0, 1, 0, 0, 1, 0, 0, 0, 0, 0, 1, 0, 0, 0, 0, 1,
        0, 0, 0, 0, 1, 0, 0, 0, 0, 1, 0, 0, 0, 0, 1, 0, 0, 0, 0, 1, 0, 0,
        0, 0, 1, 0, 0, 0, 0, 0, 1, 0, 0, 1, 0, 0, 0, 0, 0, 1, 0, 0, 0, 1,
        0, 0, 0, 0, 0, 1, 0, 0, 0, 0, 1, 0, 0, 0, 0, 1, 0, 0, 0, 0, 1, 0,
        0, 0, 1, 0, 0, 0, 0, 1, 0, 0, 0, 0, 1, 0, 0, 0, 0, 1, 0, 0, 0, 1,
        0, 0, 0, 1, 0, 0, 0, 1, 0, 0, 0, 0, 1, 0, 0, 0, 1, 0, 0, 0, 0, 1,
        0, 0, 0, 0, 1, 0, 0, 0, 0, 1, 0, 0, 0, 0, 1, 0, 0, 0, 0, 1, 0, 0,
        1, 0, 0, 0, 1, 0, 0, 0, 1, 0, 0, 0, 1, 0, 0, 0, 1, 0, 0, 0, 0, 0,
        0, 0, 0, 0, 1, 0, 0, 1, 0, 0, 0, 0, 1, 0, 0, 0, 0, 1, 0, 0, 0, 1,
        0, 0, 0, 0, 1, 0, 0, 0, 0, 1, 0, 0, 0, 0, 1, 0, 0, 0, 0, 1, 0, 0,
        0, 0, 0, 0, 0, 1, 0, 0, 0, 1, 0, 0, 0, 1, 0, 0, 0, 0, 1, 0, 0, 0,
        0, 1, 0, 0, 0, 0, 1, 0, 0, 0, 0, 0, 1, 0, 0, 1, 0, 0],
       [0, 0, 0, 1, 1, 0, 0, 1, 1, 1, 0, 1, 0, 0, 1, 0, 1, 0, 0, 0, 1, 1,
        0, 0, 1, 0, 1, 0, 0, 0, 1, 1, 0, 1, 0, 0, 0, 1, 1, 0, 0, 0, 1, 1,
        0, 0, 0, 1, 1, 0, 0, 0, 1, 1, 0, 0, 0, 1, 1, 0, 0, 0, 1, 1, 1, 0,
        1, 0, 1, 0, 0, 0, 1, 1, 0, 0, 0, 1, 1, 0, 0, 0, 1, 1, 0, 0, 0, 1,
        1, 0, 0, 0, 1, 1, 0, 0, 0, 1, 1, 0, 0, 0, 1, 1, 0, 0, 1, 0, 0, 0,
        1, 1, 0, 1, 0, 1, 0, 0, 0, 1, 1, 0, 0, 1, 0, 1, 0, 0, 1, 0, 1, 0,
        0, 0, 1, 1, 0, 0, 1, 0, 1, 0, 0, 0, 1, 1, 0, 0, 0, 1, 1, 0, 0, 0,
        1, 1, 0, 0, 0, 1, 1, 0, 0, 0, 1, 1, 0, 0, 0, 1, 1, 0, 0, 0, 1, 1,
        0, 0, 0, 1, 1, 0, 0, 1, 0, 1, 0, 0, 0, 1, 1, 0, 0, 0, 1, 1, 0, 0,
        0, 1, 1, 0, 0, 0, 1, 1, 0, 0, 0, 1, 1, 0, 0, 0, 1, 1, 0, 0, 0, 1,
        0, 0, 0, 1, 1, 0, 0, 0, 1, 1, 0, 0, 0, 1, 1, 0, 0, 0, 1, 1, 0, 0,
        1, 1, 0, 0, 0, 1, 1, 0, 1, 1, 0, 0, 0, 1, 1, 0, 0, 1, 1, 0, 0, 0,
        1, 1, 0, 0, 0, 1, 1, 0, 0, 0, 1, 1, 0, 0, 0, 1, 1, 0, 0, 0, 1, 1,
        0, 1, 0, 0, 0, 1, 1, 0, 0, 0, 1, 1, 0, 1, 0, 0, 0, 1, 1, 1, 0, 0,
        1, 0, 0, 1, 0, 1, 0, 0, 0, 1, 1, 1, 0, 1, 1, 0, 0, 0, 1, 1, 0, 0,
        0, 1, 1, 0, 0, 1, 1, 0, 0, 0, 1, 1, 0, 0, 0, 1, 1, 0, 0, 0, 1, 1,
        0, 0, 1, 0, 0, 0, 0, 0, 1, 0, 1, 0, 0, 0, 1, 1, 0, 0, 0, 1, 1, 0,
        0, 0, 1, 1, 0, 0, 0, 1, 1, 0, 0, 1, 0, 1, 0, 0, 1, 1]]))
  kwargs: {}
  exception:
