63815 63816 optimal
Running object 63815
{'g': 1.0244583, 'r': 1.4031603, 'i': 1.7633209, 'z': 1.7331656}
Trying optimal initialization
(31, 158)
9458
437.6223173554314
[-0.42405002  3.30438554  0.0146981  -0.01239813  0.01096595  0.03482523
  0.59222609  1.12806223  1.08107189]
(31, 108)
7858
437.6223173554314
[-0.42405002  3.30438554  0.0146981  -0.01239813  0.01096595  0.03482523
  0.59222609  1.12806223  1.08107189]
ROW: 63815 Tau: 3.3043855351433136 V: -0.4240500234556378 dMu: 0.014698099592099747
60141 60142 optimal
Running object 60141
{'g': 1.6392, 'r': 1.8554038, 'i': 2.6227076, 'z': 2.6677506}
Trying optimal initialization
(66, 1)
19801
564.3816797851806
[-0.82918907  3.00029001 -0.01209802  0.00686271 -0.01179412 -0.0176618
  0.636553    0.97201783  0.93174099]
(12, 98)
3098
564.2687426489239
[-0.85083817  2.94718425 -0.02349386 -0.01769587 -0.01917899  0.0217344
  0.63384757  0.96544406  0.91802379]
ROW: 60141 Tau: 2.9471842469824474 V: -0.85083816631618 dMu: -0.02349385603536456
47662 47663 optimal
Running object 47662
{'g': 1.1790453, 'r': 1.4696927, 'i': 2.075582, 'z': 2.90398}
Trying optimal initialization
(30, 2)
9002
547.611138182446
[-8.57910183e-01  3.11950098e+00 -2.59302760e-03  1.28797742e-02
  8.78352626e-03 -3.36216519e-02  5.67967145e-01  9.06502505e-01
  1.08353086e+00]
(35, 135)
8885
547.5977982015751
[-0.77414024  3.31033566  0.01736551  0.01519535 -0.00759796 -0.01103153
  0.5573848   0.89950062  1.06923467]
ROW: 47662 Tau: 3.3103356573509273 V: -0.7741402355073562 dMu: 0.017365514109435085
17999 18000 optimal
Running object 17999
{'g': 2.2057827, 'r': 2.568015, 'i': 3.5001686, 'z': 3.3355742}
Trying optimal initialization
(29, 1)
8701
407.034652370014
[-0.74839123  2.37934486  0.00385026  0.00750663 -0.00268249  0.00485132
  0.65886267  1.04743271  0.95736185]
(68, 234)
17234
406.647807858652
[-0.71983035  2.41509691 -0.02590552  0.0418477  -0.02987528  0.01199712
  0.6588468   1.04754358  0.96217607]
ROW: 17999 Tau: 2.4150969065975154 V: -0.7198303523045985 dMu: -0.025905517565821323
9004 9005 optimal
Running object 9004
{'g': 2.7318854, 'r': 2.8564348, 'i': 3.8567748, 'z': 3.647069}
Trying optimal initialization
(54, 174)
16374
694.445763766428
[-0.53822638  3.58994531  0.00781587  0.00855079  0.01129858  0.02279629
  0.70347018  1.33747888  1.27723026]
(54, 124)
13624
694.445763766428
[-0.53822638  3.58994531  0.00781587  0.00855079  0.01129858  0.02279629
  0.70347018  1.33747888  1.27723026]
ROW: 9004 Tau: 3.589945308000599 V: -0.5382263839018647 dMu: 0.007815865412316316
3347 3348 optimal
Running object 3347
{'g': 1.2993842, 'r': 1.9879203, 'i': 1.8528771, 'z': 1.7487404}
Trying optimal initialization
(76, 0)
22800
509.5147673550544
[-0.96936655  2.38126771 -0.00889945 -0.022235   -0.00635997 -0.00834651
  0.48808623  0.79287049  0.83278822]
(39, 42)
9792
509.24124593127635
[-9.76601269e-01  2.32581902e+00 -1.02078497e-02 -3.26499643e-02
  5.75967552e-03 -1.91819061e-03  4.91372774e-01  7.97229070e-01
  8.43887034e-01]
ROW: 3347 Tau: 2.3258190190388763 V: -0.9766012688946806 dMu: -0.010207849658148999
64167 64168 optimal
Running object 64167
{'g': 1.8581653, 'r': 2.0737324, 'i': 2.951532, 'z': 3.115777}
Trying optimal initialization
(91, 92)
27392
147.153944045931
[-6.59666526e-01  3.01818244e+00 -2.09055105e-02  8.58607681e-04
 -1.65191491e-02 -3.28630040e-02  6.04757001e-01  8.81885274e-01
  9.23805654e-01]
(91, 42)
22792
147.153944045931
[-6.59666526e-01  3.01818244e+00 -2.09055105e-02  8.58607681e-04
 -1.65191491e-02 -3.28630040e-02  6.04757001e-01  8.81885274e-01
  9.23805654e-01]
ROW: 64167 Tau: 3.018182436895735 V: -0.6596665255375762 dMu: -0.02090551045493342
72126 72127 optimal
Running object 72126
{'g': 2.0531697, 'r': 2.3269138, 'i': 2.3083303, 'z': 2.4798653}
Trying optimal initialization
(3, 3)
903
302.38050762918243
[-6.64089316e-01  2.93004003e+00  1.61877435e-03  9.07529437e-03
  7.27760471e-03  6.91245110e-03  9.19458876e-01  1.05530442e+00
  1.17595705e+00]
(9, 227)
2477
302.2431490353667
[-0.72166213  2.8583172   0.00418957  0.01764503 -0.00775006 -0.01495454
  0.91733444  1.05633334  1.17569734]
ROW: 72126 Tau: 2.858317197594592 V: -0.7216621333589992 dMu: 0.004189565642230907
74440 74441 optimal
Running object 74440
{'g': 0.9815383, 'r': 1.2569711, 'i': 1.1889147, 'z': 1.3543663}
Trying optimal initialization
(70, 169)
21169
178.37253725373984
[-3.59601859e-01  3.61274807e+00 -8.90712338e-03 -1.25913207e-02
 -4.42665080e-02 -1.83496005e-03  7.84881869e-01  7.81736469e-01
  8.36011373e-01]
(70, 119)
17619
178.37253725373984
[-3.59601859e-01  3.61274807e+00 -8.90712338e-03 -1.25913207e-02
 -4.42665080e-02 -1.83496005e-03  7.84881869e-01  7.81736469e-01
  8.36011373e-01]
ROW: 74440 Tau: 3.61274807041769 V: -0.35960185926090127 dMu: -0.008907123377600665
75375 75376 optimal
Running object 75375
{'g': 4.319595, 'r': 4.558665, 'i': 5.3296957, 'z': 5.195274}
Trying optimal initialization
(25, 4)
7504
-1056.0921453244898
[-7.58385464e-01  2.89080021e+00 -1.14323113e-02 -1.79441100e-02
 -1.34297907e-06  1.05216544e-02  5.98273545e-01  9.58089774e-01
  1.07589707e+00]
(55, 197)
13947
-1056.2492863863051
[-0.74750987  2.91001833 -0.01830899 -0.01601966 -0.00726542 -0.03136165
  0.59883955  0.95827119  1.07569004]
ROW: 75375 Tau: 2.910018330330324 V: -0.7475098692770095 dMu: -0.018308985866672983
