63815 63816 optimal
Running object 63815
{'g': 1.0244583, 'r': 1.4031603, 'i': 1.7633209, 'z': 1.7331656}
Trying optimal initialization
(20, 2482)
62482
437.6445882389685
[-0.30819398  3.60389157 -0.00856605 -0.00466854  0.00694548  0.00615518
  0.59874316  1.12941958  1.08606574]
(20, 2432)
61432
437.6445882389685
[-0.30819398  3.60389157 -0.00856605 -0.00466854  0.00694548  0.00615518
  0.59874316  1.12941958  1.08606574]
ROW: 63815 Tau: 3.603891567832701 V: -0.3081939822551571 dMu: -0.008566045375175482
60141 60142 optimal
Running object 60141
{'g': 1.6392, 'r': 1.8554038, 'i': 2.6227076, 'z': 2.6677506}
Trying optimal initialization
(61, 0)
183000
564.3827049592015
[-8.17653469e-01  3.01088082e+00  2.25276102e-04  1.02010262e-02
 -2.19287312e-02 -2.74497232e-02  6.34474075e-01  9.71539655e-01
  9.25557192e-01]
(67, 1403)
199053
564.3745799197525
[-7.40931690e-01  3.19274843e+00 -1.40979204e-02  1.03121308e-03
  1.41290790e-02 -1.29477163e-02  6.36931925e-01  9.78566710e-01
  9.25857574e-01]
ROW: 60141 Tau: 3.192748428273134 V: -0.7409316900210567 dMu: -0.014097920416441145
47662 47663 optimal
Running object 47662
{'g': 1.1790453, 'r': 1.4696927, 'i': 2.075582, 'z': 2.90398}
Trying optimal initialization
(10, 2541)
32541
547.6872807337988
[-0.75922678  3.3103191   0.00470703  0.01357116 -0.01903759 -0.01183098
  0.56865755  0.91089008  1.0899527 ]
(10, 2491)
31991
547.6872807337988
[-0.75922678  3.3103191   0.00470703  0.01357116 -0.01903759 -0.01183098
  0.56865755  0.91089008  1.0899527 ]
ROW: 47662 Tau: 3.310319103874413 V: -0.7592267798046426 dMu: 0.004707032249681491
17999 18000 optimal
Running object 17999
{'g': 2.2057827, 'r': 2.568015, 'i': 3.5001686, 'z': 3.3355742}
Trying optimal initialization
(94, 0)
282000
406.997634552882
[-0.73726147  2.37952042  0.00814594  0.01479311  0.00655955  0.00953026
  0.65814396  1.0471786   0.95643575]
(34, 2255)
102555
406.8860076914408
[-7.31748103e-01  2.42223623e+00 -2.49146557e-02  2.85916799e-02
  1.78480046e-03 -4.27671462e-03  6.58567241e-01  1.04901314e+00
  9.59270458e-01]
ROW: 17999 Tau: 2.4222362316232506 V: -0.7317481028399914 dMu: -0.02491465571679237
9004 9005 optimal
Running object 9004
{'g': 2.7318854, 'r': 2.8564348, 'i': 3.8567748, 'z': 3.647069}
Trying optimal initialization
(76, 2821)
230821
694.519108145582
[-4.07240774e-01  3.78326510e+00  1.73895265e-02 -8.64102028e-04
 -2.77637968e-03  1.67487021e-02  7.09647280e-01  1.35441686e+00
  1.28651845e+00]
(76, 2771)
226971
694.519108145582
[-4.07240774e-01  3.78326510e+00  1.73895265e-02 -8.64102028e-04
 -2.77637968e-03  1.67487021e-02  7.09647280e-01  1.35441686e+00
  1.28651845e+00]
ROW: 9004 Tau: 3.7832651024457173 V: -0.4072407740490373 dMu: 0.01738952645514702
3347 3348 optimal
Running object 3347
{'g': 1.2993842, 'r': 1.9879203, 'i': 1.8528771, 'z': 1.7487404}
Trying optimal initialization
(44, 0)
132000
509.499097047042
[-0.97026332  2.38257727 -0.00926972 -0.02564972 -0.00321117 -0.00553843
  0.48784612  0.79569023  0.83293075]
(56, 826)
166026
509.29934851861947
[-0.90448503  2.52288072  0.00865374 -0.02675693 -0.03740707  0.00585607
  0.49110464  0.79186532  0.83547998]
ROW: 3347 Tau: 2.522880720347948 V: -0.9044850258247941 dMu: 0.008653741706006315
64167 64168 optimal
Running object 64167
{'g': 1.8581653, 'r': 2.0737324, 'i': 2.951532, 'z': 3.115777}
Trying optimal initialization
(7, 520)
21520
147.14425923976754
[-0.64521454  3.01003503 -0.00328744 -0.01051141 -0.01211698 -0.04360942
  0.60603323  0.88871538  0.93574622]
(7, 470)
21120
147.14425923976754
[-0.64521454  3.01003503 -0.00328744 -0.01051141 -0.01211698 -0.04360942
  0.60603323  0.88871538  0.93574622]
ROW: 64167 Tau: 3.0100350266806672 V: -0.6452145367274132 dMu: -0.003287438135051321
72126 72127 optimal
Running object 72126
{'g': 2.0531697, 'r': 2.3269138, 'i': 2.3083303, 'z': 2.4798653}
Trying optimal initialization
(62, 6)
186006
302.3763549274412
[-6.73526807e-01  2.93724863e+00 -3.35954336e-04  1.03815291e-02
 -7.15636318e-04  2.19234748e-03  9.19686948e-01  1.05571135e+00
  1.17091752e+00]
(22, 1034)
65934
302.2189823179384
[-0.6353425   2.99891749 -0.02561111  0.01727635 -0.01360453  0.02253467
  0.92236855  1.06063434  1.17392266]
ROW: 72126 Tau: 2.9989174911171816 V: -0.6353424958336792 dMu: -0.025611107902044378
74440 74441 optimal
Running object 74440
{'g': 0.9815383, 'r': 1.2569711, 'i': 1.1889147, 'z': 1.3543663}
Trying optimal initialization
(44, 2234)
134234
178.5706628327011
[-0.39588905  3.59084303 -0.01723474 -0.02040105 -0.00874711  0.01434208
  0.77365332  0.77154339  0.82195765]
(44, 2184)
131984
178.5706628327011
[-0.39588905  3.59084303 -0.01723474 -0.02040105 -0.00874711  0.01434208
  0.77365332  0.77154339  0.82195765]
ROW: 74440 Tau: 3.590843027134848 V: -0.39588905030247173 dMu: -0.017234738948675117
75375 75376 optimal
Running object 75375
{'g': 4.319595, 'r': 4.558665, 'i': 5.3296957, 'z': 5.195274}
Trying optimal initialization
(7, 1759)
22759
-1056.174129912531
[-6.49852249e-01  3.13714765e+00  1.01005663e-02 -1.61914229e-03
 -1.78723836e-02 -1.05921964e-02  5.98486230e-01  9.63307349e-01
  1.07871735e+00]
(7, 1709)
22359
-1056.174129912531
[-6.49852249e-01  3.13714765e+00  1.01005663e-02 -1.61914229e-03
 -1.78723836e-02 -1.05921964e-02  5.98486230e-01  9.63307349e-01
  1.07871735e+00]
ROW: 75375 Tau: 3.1371476481838125 V: -0.6498522492684814 dMu: 0.010100566299388825
