75375 75376 normal
Running object 75375
0.0
{'g': 4.319595, 'r': 4.558665, 'i': 5.3296957, 'z': 5.195274}
(83, 281)
25181
-220.12715415477808
[-0.18054493  0.00308622  0.03433133  0.01651477  0.00756372 -0.02550621
  0.66422428  1.1104594   1.1248696 ]
(83, 231)
20981
-220.12715415477808
[-0.18054493  0.00308622  0.03433133  0.01651477  0.00756372 -0.02550621
  0.66422428  1.1104594   1.1248696 ]
ROW: 75375 Tau: 0.0030862240037941744 V: -0.18054493344043762 dMu: 0.03433133359108226
[-1.95588787e-01  4.33320167e-06]
ROW: 75375 Tau: 4.333201673160404e-06 V: -0.19558878677894037
0.0
0.00390625
0.00390625
0.0
0.0
0.0
0.0
0.00390625
0.0
0.0
0.00390625
0.00390625
0.00390625
0.00390625
0.00390625
0.00390625
0.0
0.00390625
0.00390625
0.0
0.00390625
0.00390625
0.0
0.0
0.0
0.0
0.00390625
0.00390625
0.00390625
0.00390625
0.00390625
0.00390625
0.00390625
0.00390625
0.00390625
0.00390625
0.0
0.00390625
0.00390625
0.0
0.00390625
0.0
0.00390625
0.0
0.0
0.00390625
0.0
0.00390625
0.0
0.0
0.0
0.0
0.00390625
0.00390625
0.0
0.00390625
0.00390625
0.0
0.0
0.0
0.00390625
0.0
0.00390625
0.0
0.00390625
0.0
0.00390625
0.0
0.00390625
0.00390625
0.00390625
0.0
0.0
0.00390625
0.00390625
0.00390625
0.00390625
0.00390625
0.00390625
0.0
0.00390625
0.0
0.00390625
0.00390625
0.0
0.00390625
0.0
0.00390625
0.0
0.0
0.00390625
0.00390625
0.0
0.0
0.0
0.00390625
0.00390625
0.0
0.00390625
0.00390625
0.00390625
0.00390625
0.00390625
0.0
0.0
0.00390625
0.00390625
0.0
0.00390625
0.00390625
0.00390625
0.0
0.0
0.00390625
0.0
0.0
0.00390625
0.00390625
0.00390625
0.00390625
0.0
0.00390625
0.0
0.00390625
0.0
0.00390625
0.00390625
0.0
0.00390625
0.0
0.00390625
0.00390625
0.0
0.00390625
0.0
0.0
0.0
0.00390625
0.0
0.00390625
0.0
0.00390625
0.0
0.0
0.0
0.00390625
0.00390625
0.00390625
0.00390625
0.00390625
0.00390625
0.0
0.00390625
0.0
0.0
0.00390625
0.0
0.001953125
0.00390625
0.00390625
0.001953125
0.00390625
0.00390625
0.00390625
0.00390625
0.001953125
0.00390625
0.00390625
0.00390625
0.00390625
0.001953125
0.00390625
0.00390625
0.00390625
0.00390625
0.00390625
0.001953125
0.00390625
0.00390625
0.00390625
0.001953125
0.00390625
0.00390625
0.00390625
0.001953125
0.001953125
0.001953125
0.001953125
0.001953125
0.00390625
0.00390625
0.00390625
0.00390625
0.00390625
0.001953125
0.001953125
0.00390625
0.00390625
0.00390625
0.00390625
0.00390625
0.001953125
0.00390625
0.00390625
0.00390625
0.00390625
0.00390625
0.001953125
0.00390625
0.00390625
0.00390625
0.00390625
0.00390625
0.001953125
0.00390625
0.00390625
0.00390625
0.00390625
0.00390625
0.001953125
0.001953125
0.001953125
0.00390625
0.00390625
0.00390625
0.00390625
0.00390625
0.001953125
0.00390625
0.00390625
0.00390625
0.00390625
0.00390625
0.00390625
0.00390625
0.00390625
0.00390625
