63815 63816 optimal
Running object 63815
{'g': 1.0244583, 'r': 1.4031603, 'i': 1.7633209, 'z': 1.7331656}
Trying optimal initialization
(82, 1390)
247390
437.72835053723117
[-0.46614728  3.22089212  0.00947912  0.02020548  0.01440676  0.0331681
  0.59605607  1.12846251  1.07891946]
(82, 1340)
243240
437.72835053723117
[-0.46614728  3.22089212  0.00947912  0.02020548  0.01440676  0.0331681
  0.59605607  1.12846251  1.07891946]
ROW: 63815 Tau: 3.2208921166754063 V: -0.4661472825444961 dMu: 0.009479120268338012
60141 60142 optimal
Running object 60141
{'g': 1.6392, 'r': 1.8554038, 'i': 2.6227076, 'z': 2.6677506}
Trying optimal initialization
(12, 2365)
38365
564.3962374255757
[-7.33338243e-01  3.18740572e+00 -1.64942358e-02 -4.51684579e-03
  2.01944963e-03 -2.16439333e-02  6.39681150e-01  9.78485658e-01
  9.28287063e-01]
(12, 2315)
37715
564.3962374255757
[-7.33338243e-01  3.18740572e+00 -1.64942358e-02 -4.51684579e-03
  2.01944963e-03 -2.16439333e-02  6.39681150e-01  9.78485658e-01
  9.28287063e-01]
ROW: 60141 Tau: 3.1874057212313507 V: -0.7333382431639198 dMu: -0.016494235750942554
47662 47663 optimal
Running object 47662
{'g': 1.1790453, 'r': 1.4696927, 'i': 2.075582, 'z': 2.90398}
Trying optimal initialization
(38, 2490)
116490
547.5854746221726
[-6.80142822e-01  3.49730258e+00  2.26866045e-04 -2.16714414e-02
 -1.37715360e-02 -1.42642683e-02  5.65871753e-01  9.12234933e-01
  1.09762111e+00]
(38, 2440)
114540
547.5854746221726
[-6.80142822e-01  3.49730258e+00  2.26866045e-04 -2.16714414e-02
 -1.37715360e-02 -1.42642683e-02  5.65871753e-01  9.12234933e-01
  1.09762111e+00]
ROW: 47662 Tau: 3.4973025846079397 V: -0.6801428217113548 dMu: 0.00022686604500593566
17999 18000 optimal
Running object 17999
{'g': 2.2057827, 'r': 2.568015, 'i': 3.5001686, 'z': 3.3355742}
Trying optimal initialization
(50, 461)
150461
406.89684058406357
[-0.70843761  2.43253179  0.00784741  0.00659054  0.02737981 -0.00343189
  0.66062484  1.04578462  0.95891377]
(50, 411)
147911
406.89684058406357
[-0.70843761  2.43253179  0.00784741  0.00659054  0.02737981 -0.00343189
  0.66062484  1.04578462  0.95891377]
ROW: 17999 Tau: 2.4325317918578895 V: -0.7084376131354846 dMu: 0.007847412251126524
9004 9005 optimal
Running object 9004
{'g': 2.7318854, 'r': 2.8564348, 'i': 3.8567748, 'z': 3.647069}
Trying optimal initialization
(47, 389)
141389
694.6265637623567
[-4.63725232e-01  3.68564496e+00  7.18231988e-04  6.22425206e-03
 -1.50510427e-02 -7.16428405e-03  7.09322361e-01  1.34696939e+00
  1.29203101e+00]
(47, 339)
138989
694.6265637623567
[-4.63725232e-01  3.68564496e+00  7.18231988e-04  6.22425206e-03
 -1.50510427e-02 -7.16428405e-03  7.09322361e-01  1.34696939e+00
  1.29203101e+00]
ROW: 9004 Tau: 3.6856449609817497 V: -0.4637252315519854 dMu: 0.000718231988333401
3347 3348 optimal
Running object 3347
{'g': 1.2993842, 'r': 1.9879203, 'i': 1.8528771, 'z': 1.7487404}
Trying optimal initialization
(2, 191)
6191
509.39367781995617
[-1.01204752e+00  2.32909606e+00  1.71108819e-05 -2.04594344e-02
 -9.02949073e-03 -1.23785329e-02  4.82152068e-01  7.89668573e-01
  8.27676081e-01]
(2, 141)
6041
509.39367781995617
[-1.01204752e+00  2.32909606e+00  1.71108819e-05 -2.04594344e-02
 -9.02949073e-03 -1.23785329e-02  4.82152068e-01  7.89668573e-01
  8.27676081e-01]
ROW: 3347 Tau: 2.329096056296957 V: -1.0120475201164165 dMu: 1.7110881932722033e-05
64167 64168 optimal
Running object 64167
{'g': 1.8581653, 'r': 2.0737324, 'i': 2.951532, 'z': 3.115777}
Trying optimal initialization
(25, 2539)
77539
147.21566861933806
[-6.20969950e-01  3.05064300e+00 -1.83422985e-02 -2.09969497e-02
 -4.37952619e-04 -7.65822004e-03  6.07543967e-01  8.86189453e-01
  9.32942607e-01]
(25, 2489)
76239
147.21566861933806
[-6.20969950e-01  3.05064300e+00 -1.83422985e-02 -2.09969497e-02
 -4.37952619e-04 -7.65822004e-03  6.07543967e-01  8.86189453e-01
  9.32942607e-01]
ROW: 64167 Tau: 3.0506429958020336 V: -0.6209699501540418 dMu: -0.018342298528095023
72126 72127 optimal
Running object 72126
{'g': 2.0531697, 'r': 2.3269138, 'i': 2.3083303, 'z': 2.4798653}
Trying optimal initialization
(49, 560)
147560
302.36234704100156
[-5.87858001e-01  3.13520291e+00 -4.20882238e-03  7.39599094e-03
  1.00198602e-02 -1.06652259e-03  9.18101177e-01  1.05561629e+00
  1.16992440e+00]
(49, 510)
145060
302.36234704100156
[-5.87858001e-01  3.13520291e+00 -4.20882238e-03  7.39599094e-03
  1.00198602e-02 -1.06652259e-03  9.18101177e-01  1.05561629e+00
  1.16992440e+00]
ROW: 72126 Tau: 3.1352029094297533 V: -0.5878580005320273 dMu: -0.004208822377032753
74440 74441 optimal
Running object 74440
{'g': 0.9815383, 'r': 1.2569711, 'i': 1.1889147, 'z': 1.3543663}
Trying optimal initialization
(23, 2900)
71900
178.57103740610606
[-3.81514470e-01  3.57755052e+00 -3.88506478e-03 -2.46548824e-02
 -8.49637535e-04 -8.39157345e-03  7.75372048e-01  7.76778997e-01
  8.41832876e-01]
(23, 2850)
70700
178.57103740610606
[-3.81514470e-01  3.57755052e+00 -3.88506478e-03 -2.46548824e-02
 -8.49637535e-04 -8.39157345e-03  7.75372048e-01  7.76778997e-01
  8.41832876e-01]
ROW: 74440 Tau: 3.5775505161705334 V: -0.38151447038528996 dMu: -0.0038850647777993394
75375 75376 optimal
Running object 75375
{'g': 4.319595, 'r': 4.558665, 'i': 5.3296957, 'z': 5.195274}
Trying optimal initialization
(44, 327)
132327
-1056.0622044777842
[-7.69785168e-01  2.86753380e+00  1.00849709e-02 -5.90312641e-03
 -1.77441903e-03 -1.61108976e-02  5.96758140e-01  9.60261321e-01
  1.07227835e+00]
(44, 277)
130077
-1056.0622044777842
[-7.69785168e-01  2.86753380e+00  1.00849709e-02 -5.90312641e-03
 -1.77441903e-03 -1.61108976e-02  5.96758140e-01  9.60261321e-01
  1.07227835e+00]
ROW: 75375 Tau: 2.867533795265493 V: -0.7697851682801734 dMu: 0.010084970888877044
