144
238
304
326
360
521
528
808
838
894
899
1029
1086
1204
1271
1303
1312
1314
1321
1326
1384
1415
1551
1574
1608
1668
1686
1698
1703
1716
1793
1838
1847
1938
1991
2000
2006
2123
2186
2235
2249
2372
2458
2581
2602
2697
2777
2875
2930
2992
3010
3060
3076
3155
3213
3226
3277
3320
3507
3524
3540
3550
3617
3671
3673
3781
3888
3995
4098
4100
4293
4388
4394
4426
4459
4475
4610
4633
4848
4885
4924
5226
5247
5288
5352
5373
5396
5422
5569
5624
5630
5851
5883
5971
5974
5987
6069
6081
6083
6121
6227
6371
6384
6461
6464
6725
6733
6818
6943
6983
7026
7122
7283
7359
7362
7577
7649
7719
7757
7794
7821
7906
7907
7965
7976
8044
8276
8313
8335
8342
8506
8540
8562
8568
8610
8613
8626
8732
8886
8920
8954
8998
9086
9163
9192
9241
9275
9289
9329
9454
9462
9511
9535
9567
9590
9601
9608
9629
9677
9688
9713
9752
9753
9773
9873
9930
9998
10253
10332
10353
10403
10422
10443
10449
10476
10558
10686
10704
10745
10808
10869
10928
10977
11073
11125
11130
11159
11299
11357
11490
11503
11549
11558
11641
11848
11849
11901
11943
11976
11999
12077
12080
12163
12169
12203
12271
12314
12438
12486
12559
12652
12657
12669
12751
12775
12858
12892
12931
12961
13000
13087
13090
13096
13153
13194
13264
13286
13400
13450
13455
13547
13560
13589
13755
13780
13966
13972
13980
14067
14340
14420
14427
14434
14451
14473
14543
14581
14628
14823
14836
15044
15158
15187
15212
15286
15289
15504
15526
15534
15554
15580
15596
15713
15743
15797
15863
15927
15933
15986
16049
16053
16058
16109
16126
16133
16180
16238
16261
16311
16381
16439
16485
16506
16650
16654
16682
16686
16692
16719
16720
16724
16834
16859
16887
16952
16959
17042
17127
17141
17149
17158
17263
17301
17305
17376
17394
17582
17599
17642
17693
17791
17807
17819
17895
18037
18240
18305
18343
18346
18376
18475
18549
18584
18586
18618
18643
18661
18686
18729
18743
18854
18909
18930
19058
19131
19158
19224
19292
19384
19437
19535
19612
19654
19696
19728
19920
19923
20070
20088
20094
20121
20137
20210
20255
20303
20336
20357
20402
20429
20436
20453
20507
20512
20570
20571
20578
20598
20647
20737
20971
20991
20995
21028
21060
21147
21170
21230
21261
21264
21280
21338
21412
21414
21422
21523
21572
21584
21788
21851
21897
21915
22011
22090
22174
22206
22285
22357
22369
22465
22599
22776
22880
22883
22927
23102
23105
23123
23130
23205
23241
23455
23513
23562
23610
23632
23657
23665
23759
23801
23842
23886
23893
23915
23990
24002
24075
24083
24134
24207
24242
24280
24323
24325
24368
24379
24402
24411
24425
24448
24460
24480
24545
24584
24673
24785
24787
24796
24899
24909
24956
25017
25024
25041
25056
25139
25167
25244
25281
25365
25380
25391
25408
25486
25523
25543
25548
25553
25560
25628
25660
25691
25826
25838
26017
26066
26090
26142
26299
26368
26378
26406
26408
26426
26505
26577
26587
26606
26658
26728
26757
26761
26808
26822
26825
26841
26903
26931
26991
27063
27080
27258
27301
27314
27319
27372
27409
27473
27489
27563
27684
27796
28032
28043
28053
28061
28141
28162
28206
28324
28325
28351
28376
28385
28445
28514
28571
28648
28658
28800
28808
29034
29040
29043
29075
29190
29213
29248
29267
29287
29307
29357
29378
29381
29433
29463
29481
29483
29579
29598
29608
29636
29651
29679
29702
29713
29719
29740
29783
29794
29830
29835
29863
29873
29955
29986
30002
30086
30146
30185
30210
30278
30316
30386
30395
30399
30417
30432
30445
30525
30535
30672
30718
30741
30743
30761
30773
30790
30805
30901
30976
31015
31085
31117
31124
31129
31179
31212
31276
31400
31412
31550
31575
31676
31697
31713
31716
31746
31862
31874
31895
31959
31974
31977
32023
32136
32222
32344
32431
32452
32569
32720
32735
32754
32864
32972
33144
33207
33270
33278
33329
33336
33389
33432
33433
33512
33546
33645
33743
33865
33935
33951
33962
33983
33986
34077
34083
34173
34288
34320
34413
34430
34446
34514
34625
34630
34681
34771
34799
34810
34864
34913
34944
35052
35070
35087
35148
35334
35445
35448
35502
35538
35575
35633
35684
35722
35765
35796
35864
35907
35924
35939
36028
36034
36077
36080
36107
36174
36190
36218
36403
36470
36795
36796
36936
36959
37126
37176
37217
37230
37234
37237
37329
37343
37382
37489
37591
37621
37624
37632
37638
37663
37713
37762
37841
37908
37909
37955
38234
38256
38352
38395
38438
38526
38597
38741
38770
38818
38921
38929
39000
39075
39127
39146
39272
39276
39321
39381
39414
39449
39468
39490
39504
39542
39547
39569
39591
39602
39624
39644
39715
39738
39748
39762
39803
39817
39828
39838
39858
39914
39951
39962
39966
39970
39986
40014
40017
40104
40145
40149
40243
40294
40399
40430
40447
40471
40534
40541
40632
40657
40690
40767
40777
40778
40881
40926
40963
41006
41011
41058
41080
41084
41094
41102
41169
41213
41286
41308
41318
41423
41424
41439
41529
41611
41624
41647
41730
41868
41881
41890
41948
41962
41986
41996
42014
42044
42155
42163
42175
42203
42207
42240
42289
42315
42573
42588
42631
42807
42914
42924
43009
43034
43062
43149
43190
43201
43288
43325
43345
43495
43555
43566
43568
43669
43771
43801
43803
43847
43895
43929
44090
44142
44168
44175
44220
44230
44318
44319
44418
44419
44475
44510
44540
44629
44641
44644
44661
44716
44742
44757
44875
44893
44975
44977
45000
45036
45186
45192
45337
45349
45405
45434
45534
45542
45551
45614
45672
45701
45714
45756
45797
45909
45971
46170
46235
46237
46344
46350
46371
46373
46414
46524
46569
46571
46740
46747
46856
46926
46931
47023
47044
47064
47115
47248
47254
47295
47395
47427
47431
47465
47471
47488
47496
47500
47506
47539
47594
47620
47644
47654
47713
47746
47804
47863
47881
47994
48000
48082
48122
48174
48189
48204
48238
48260
48348
48369
48398
48536
48625
48633
48657
48747
48754
48757
48759
48770
48794
48797
48807
48835
48872
48923
49164
49289
49292
49342
49378
49425
49447
49500
49550
49554
49573
49582
49583
49591
49698
49710
49755
49784
49849
49920
50032
50076
50119
50130
50152
50165
50177
50207
50225
50284
50325
50327
50332
50354
50395
50531
50590
50605
50619
50662
50678
50769
50816
50935
50969
50983
51274
51285
51309
51354
51428
51453
51458
51517
51553
51595
51616
51671
51724
51834
51929
51932
51964
51974
52053
52093
52149
52281
52287
52294
52306
52360
52392
52407
52426
52488
52658
52686
52691
52744
52770
52816
52832
52843
52915
52944
52952
52997
53106
53163
53196
53214
53277
53323
53442
53494
53556
53721
53766
53813
53874
53892
53912
53957
53994
54025
54042
54117
54135
54152
54204
54270
54361
54582
54608
54644
54661
54668
54691
54764
54789
54800
54813
54916
55015
55066
55144
55162
55283
55308
55321
55324
55418
55429
55501
55627
55708
55748
55779
55794
55816
55850
55877
55889
55963
56028
56071
56287
56368
56403
56440
56460
56475
56533
56539
56549
56551
56599
56675
56678
56715
56774
56898
56926
57052
57071
57119
57148
57170
57171
57248
57263
57330
57386
57402
57500
57512
57526
57558
57572
57581
57625
57670
57697
57804
57921
57938
58000
58042
58151
58153
58183
58354
58403
58502
58513
58546
58549
58578
58614
58671
58755
58770
58795
58885
58943
58961
59020
59114
59150
59190
59211
59223
59326
59363
59364
59389
59422
59448
59469
59523
59592
59627
59655
59659
59711
59712
59760
59775
59787
59842
59873
59925
59938
60028
60071
60081
60104
60182
60196
60439
60489
60527
60576
60577
60729
60822
60839
60856
60982
61036
61048
61061
61077
61082
61116
61148
61170
61298
61327
61329
61431
61440
61514
61523
61526
61528
61592
61607
61616
61620
61692
61805
61829
61983
62048
62059
62082
62115
62289
62332
62342
62364
62365
62386
62427
62428
62474
62510
62582
62601
62607
62760
62768
62772
62807
62858
62938
63015
63079
63101
63143
63157
63179
63202
63237
63241
63274
63369
63591
63697
63707
63715
63742
63794
63833
63867
63894
64021
64057
64060
64083
64085
64094
64096
64140
64160
64205
64233
64279
64320
64322
64433
64472
64562
64589
64657
64745
64803
64940
65071
65106
65133
65166
65276
65377
65425
65429
65452
65512
65590
65709
65842
65862
65888
65980
66041
66046
66048
66106
66122
66136
66151
66212
66263
66326
66328
66385
66471
66495
66510
66585
66657
66672
66673
66723
66765
66972
67080
67094
67125
67152
67163
67233
67273
67324
67409
67417
67428
67513
67522
67748
67758
67796
68057
68073
68083
68100
68209
68480
68502
68537
68589
68663
68678
68687
68714
68723
68730
68751
68770
68809
68856
68948
69003
69063
69065
69067
69167
69269
69294
69296
69338
69388
69475
69509
69515
69555
69598
69690
69725
69810
69962
70054
70057
70107
70122
70136
70140
70167
70303
70347
70355
70366
70421
70427
70474
70615
70676
70682
70733
70828
70834
70920
70969
70987
71044
71062
71081
71123
71168
71186
71219
71292
71313
71333
71348
71366
71382
71405
71463
71624
71763
71788
71916
71944
71966
71996
72039
72061
72202
72210
72250
72256
72350
72441
72469
72682
72757
72789
72849
72897
72978
73029
73087
73144
73258
73276
73351
73448
73564
73589
73724
73742
73780
73848
73868
73886
73894
73918
73942
73995
74048
74199
74209
74219
74263
74316
74334
74393
74430
74449
74463
74514
74516
74520
74528
74541
74560
74650
74672
74750
74882
74883
74907
74947
74965
74995
75081
75121
75129
75155
75218
75290
75293
75335
75424
75502
75525
75548
75621
75645
75698
75715
75763
75811
75813
75906
76113
76192
76198
76265
76334
76401
76417
76419
76448
76523
76611
76623
76636
76639
76678
76687
76767
76786
76807
76835
76838
76896
77015
77060
77177
77263
77312
77344
77395
77398
77401
77422
77423
77432
77437
77454
77582
77600
77605
77683
77759
77798
77833
77855
78043
78051
78073
78177
78269
78346
78362
78378
78404
78410
78412
78448
78474
78614
78727
78787
78978
78994
79100
79186
79233
79248
79260
79279
79295
79302
79421
79449
79477
79553
79575
79579
79581
79623
79693
79716
79754
79758
79829
79963
80049
80237
80250
80390
80502
80594
80656
80659
80663
80703
80704
80708
80723
80874
81016
81065
81081
81087
81123
81139
81302
81303
81337
81469
81591
81600
81775
81844
81880
81923
81977
82006
82047
82246
82271
82341
82387
82454
82516
82550
82565
82579
82653
82721
82756
82768
82878
82907
82924
82950
83006
83008
83018
83061
83122
83130
83193
83212
83284
83329
83377
83448
83465
83599
83670
83694
83756
83766
83781
83833
83923
84010
84061
84079
84090
84106
84122
84143
84220
84229
84276
84307
84340
84349
84356
84374
84387
84388
84489
84494
84527
84583
84586
84639
84702
84874
84881
84888
84900
84930
85037
85092
85151
85160
85268
85305
85321
85346
85347
85375
85425
85469
85506
85562
85709
85711
85817
85820
85895
85958
85977
86199
86208
86233
86285
86391
86407
86427
86506
86564
86720
86747
86765
86808
86859
86870
87012
87120
87162
87177
87184
87214
87250
87291
87351
87377
87439
87440
87463
87487
87507
87559
87569
87607
87888
87942
87955
87963
88044
88226
88253
88354
88357
88388
88464
88566
88700
88754
88860
88873
88896
88955
89061
89079
89219
89258
89281
89409
89419
89456
89511
89576
89676
89743
89762
89841
90006
90036
90055
90092
90147
90160
90234
90242
90331
90370
90391
90611
90624
90636
90654
90740
90766
90773
90781
90805
90808
90867
90876
91091
91192
91219
91224
91245
91261
91272
91332
91365
91447
91449
91484
91493
91590
91655
91705
91848
91849
91874
92098
92110
92162
92209
92220
92275
92327
92349
92378
92387
92433
92455
92469
92472
92514
92571
92609
92659
92724
92773
92797
92860
92874
92904
92940
92982
93014
93168
93206
93276
93298
93344
93366
93378
93479
93487
93698
93703
93711
93748
93784
93789
93801
93836
93854
93878
93932
93936
94042
94210
94222
94232
94234
94246
94284
94299
94305
94362
94419
94420
94474
94489
94505
94529
94571
94576
94588
94614
94654
94670
94761
94784
94787
94823
94921
94985
95028
95030
95039
95072
95260
95351
95432
95512
95521
95577
95592
95689
95697
95709
95777
95799
95814
95835
95884
95973
96001
96003
96010
96014
96075
96159
96217
96304
96329
96330
96351
96504
96521
96602
96670
96693
96808
96851
96892
96940
97050
97052
97061
97153
97177
97218
97342
97395
97396
97430
97478
97581
97586
97605
97690
97813
97882
97974
98020
98060
98072
98098
98297
98336
98364
98389
98390
98463
98523
98586
98603
98662
98696
99079
99092
99158
99161
99280
99307
99322
99328
99364
99413
99543
99548
99564
99790
99822
99924
99944
99997
100009
100098
100099
100220
100463
100473
100480
100531
100532
100633
100677
100688
100772
100912
101016
101069
101119
101195
101215
101232
101256
101257
101260
101286
101441
101476
101480
101521
101585
101589
101609
101705
101736
101820
101868
101915
101943
101953
101986
101989
102009
102084
102127
102149
102255
102350
102393
102419
102426
102479
102639
102714
102748
102818
102902
103049
103083
103093
103229
103255
103373
103388
103417
103515
103530
103560
103717
103720
103826
103842
103874
103952
103959
104044
104046
104088
104090
104190
104378
104386
104398
104421
104432
104479
104556
104573
104694
104712
104731
104747
104765
104910
104945
104987
104997
105023
105061
105098
105131
105158
105173
105226
105243
105325
105488
105500
105506
105604
105651
105721
105724
105787
105926
105963
105989
106013
106091
106099
106146
106190
106215
106249
106271
106274
106352
106402
106517
106522
106583
106616
106625
106638
106741
106758
106886
106939
106954
106996
107038
107041
107068
107236
107292
107312
107381
107497
107756
107810
107814
107836
107849
108007
108097
108149
108176
108266
108319
108393
108458
108513
108523
108600
108618
108664
108679
108698
108726
108731
108907
108925
109053
109058
109093
109138
109192
109327
109362
109387
109401
109442
109472
109481
109520
109524
109548
109572
109640
109668
109688
109719
109792
109811
109829
109903
109938
109953
110003
110048
110135
110234
110292
110318
110344
110364
110376
110414
110464
110480
110494
110575
110580
110749
110891
110968
111085
111141
111173
111181
111244
111281
111323
111338
111375
111509
111537
111654
111722
111741
111802
111848
111889
111901
111902
111941
112001
112131
112141
112159
112188
112294
112351
112356
112404
112411
112446
112526
112534
112550
112652
112663
112682
112701
112736
112903
112931
112947
113058
113129
113216
113229
113252
113276
113283
113429
113450
113485
113536
113616
113654
113728
113793
113903
114079
114172
114317
114335
114385
114538
114679
114722
114761
114775
114875
114973
115207
115246
115275
115289
115353
115368
115385
115389
115397
115401
115442
115445
115596
115599
115646
115665
115666
115683
115741
115799
115849
115851
115955
116001
116006
116021
116051
116084
116209
116221
116260
116297
116306
116421
116462
116518
116541
116605
116722
116758
116779
116824
116856
116904
116954
116996
117097
117169
117210
117213
117392
117436
117447
117468
117486
117566
117608
117613
117668
117669
117684
117748
117851
117854
117948
118030
118062
118080
118097
118150
118207
118228
118371
118423
118475
118598
118634
118655
118677
118759
118783
118870
118883
118900
118999
119133
119168
119244
119256
119266
119299
119303
119398
119449
119473
119482
119552
119558
119560
119651
119655
119773
119796
119936
120018
120072
120076
120101
120119
120123
120170
120175
120180
120212
120284
120310
120339
120428
120546
120576
120620
120913
121002
121016
121055
121058
121191
121200
121205
121249
121297
121316
121318
121342
121368
121525
121530
121604
121616
121634
121674
121679
121703
121736
121779
121843
121902
121936
122013
122108
122139
122157
122252
122386
122389
122391
122434
122484
122514
122521
122526
122615
122664
122698
122777
122787
122802
122810
122876
122905
122913
122945
122961
123022
123026
123047
123141
123165
123342
123367
123429
123444
123493
123506
123514
123586
123667
123752
123942
124121
124171
124212
124244
124303
124425
124450
124453
124518
124575
124589
124662
124686
124737
124770
124798
124908
125019
125113
125261
125321
125356
125443
125454
125470
125574
125629
125669
125708
125936
125996
126070
126078
126111
126129
126139
126169
126172
126188
126204
126275
126277
126327
126352
126397
126443
126481
126601
126628
126645
126671
126709
126732
126740
126811
126859
126911
126913
126966
127026
127110
127124
127137
127218
127274
127358
127360
127385
127404
127428
127432
127469
127507
127509
127526
127528
127590
127611
127618
127642
127707
127718
127728
127732
127741
127770
127839
127843
127892
127950
127977
127998
128037
128123
128154
128167
128182
128197
128333
128417
128445
128546
128582
128588
128657
128780
128819
128822
128900
128922
128934
128936
128977
128979
128988
129029
129058
129139
129152
129154
129248
129297
129320
129341
129356
129496
129753
129787
129891
129899
130146
130209
130219
130280
130329
130339
130481
130491
130554
130629
130657
130706
130724
130776
130808
130984
131076
131114
131127
131184
131252
131312
131333
131389
131403
131458
131546
131549
131556
131580
131601
131662
131688
131740
131741
131764
131777
131823
131841
131906
131985
132062
132109
132142
132181
132208
132224
132277
132320
132331
132339
132386
132388
132441
132487
132512
132518
132538
132584
132618
132633
132717
132721
132757
132956
133029
133269
133277
133299
133302
133319
133376
133438
133496
133506
133679
133719
133937
134002
134009
134042
134065
134071
134077
134118
134124
134148
134236
134282
134374
134403
134461
134517
134641
134728
134737
134807
135000
135015
135018
135038
135077
135083
135198
135232
135286
135307
135392
135471
135697
135709
135724
135803
135810
135815
135848
135897
135926
135934
135946
136046
136140
136151
136322
136450
136491
136546
136590
136642
136673
136792
136839
136899
137002
137123
137201
137209
137225
137286
137396
137500
137501
137503
137523
137526
137657
137694
137715
137721
137776
137824
137864
137910
137919
138025
138028
138200
138218
138238
138241
138458
138500
138572
138595
138651
138733
138775
138794
138809
138907
138943
138973
139002
139009
139014
139030
139186
139209
139223
139232
139304
139317
139372
139397
139404
139436
139534
139539
139593
139615
139664
139736
139763
139834
139917
139944
139973
139998
140061
140157
140179
140260
140375
140413
140415
140459
140474
140479
140730
140756
140800
140821
140830
140844
140894
140951
140982
140983
141197
141313
141345
141446
141460
141504
141560
141592
141598
141679
141695
141697
141760
141771
141777
141795
141814
141831
141899
141945
141963
142084
142211
142253
142279
142305
142325
142337
142349
142391
142509
142540
142622
142631
142650
142654
142671
142812
142848
142865
142925
142989
143015
143019
143366
143392
143393
143396
143419
143449
143491
143572
143647
143676
143705
143803
143804
143857
143868
143949
144004
144040
144157
144164
144175
144238
144258
144322
144324
144355
144498
144543
144555
144650
144651
144694
144704
144707
144750
144905
144914
145100
145207
145223
145235
145253
145296
145314
145334
145340
145406
145451
145517
145562
145601
145604
145620
145639
145676
145689
145718
145721
145795
145830
145833
145840
145859
145899
145958
145988
146025
146053
146157
146211
146267
146300
146389
146486
146520
146543
146544
146653
146715
146735
146754
146784
146890
146914
146965
147021
147072
147100
147128
147247
147291
147307
147310
147371
147383
147399
147543
147549
147597
147676
147687
147795
147797
147803
147804
147916
148001
148073
148139
148354
148360
148368
148437
148588
148633
148640
148645
148747
148826
148853
148898
149109
149217
149218
149254
149312
149465
149506
149518
149615
149676
149719
149906
149927
149982
149996
150020
150167
150195
150238
150278
150336
150339
150398
150407
150428
150437
150463
150508
150523
150654
150660
150681
150766
150791
150792
150898
150966
151208
151217
151256
151281
151316
151347
151369
151422
151490
151556
151708
151810
151846
151925
151931
151968
152009
152015
152043
152124
152170
152200
152240
152267
152279
152340
152402
152423
152622
152658
152661
152781
152795
152798
152821
152895
152907
153080
153455
153564
153667
153758
153813
153877
154115
154207
154209
154297
154314
154345
154364
154369
154419
154469
154548
154549
154550
154606
154634
154641
154671
154714
154745
154770
154825
154853
154922
154961
154966
154983
155075
155141
155196
155279
155284
155374
155391
155474
155513
155515
155578
155607
155747
155850
155851
155887
155929
156027
156134
156147
156181
156310
156343
156497
156545
156555
156570
156652
156755
156824
156871
156878
156889
156980
156993
157043
157058
157192
157400
157473
157495
157510
157522
157552
157645
157649
157687
157700
157701
157747
157780
157788
157944
157950
158039
158235
158273
158284
158361
158402
158471
158483
158490
158515
158574
158624
158661
158663
158727
158779
158805
158822
158830
158855
158925
158934
158974
159095
159136
159190
159191
159250
159274
159355
159360
159370
159373
159387
159434
159512
159520
159561
159571
159635
159662
159690
159819
159868
159991
160070
160125
160185
160205
160316
160399
160441
160442
160465
160478
160479
160534
160564
160643
160654
160697
160721
160964
161010
161294
161380
161439
161484
161533
161565
161592
161632
161678
161755
161759
161800
161862
161869
161942
162059
162064
162237
162245
162304
162367
162546
162549
162618
162694
162715
162744
162771
162773
162877
162900
162941
162954
162970
163138
163154
163180
163321
163392
163439
163555
163585
163677
163705
163736
163853
163984
164159
164177
164234
164325
164365
164447
164541
164766
164785
164849
164863
164866
164891
164949
164958
165023
165028
165074
165098
165120
165129
165136
165157
165165
165232
165259
165261
165365
165494
165551
165626
165992
165997
166068
166108
166138
166210
166291
166294
166451
166481
166482
166499
166538
166594
166614
166696
166711
166759
166810
166814
166836
166892
166917
167017
167096
167140
167223
167253
167277
167355
167468
167469
167532
167547
167614
167628
167638
167646
167743
167745
167760
167875
168054
168151
168236
168247
168317
168365
168405
168418
168470
168473
168474
168489
168588
168686
168714
168745
168918
168957
168992
169003
169181
169327
169360
169461
169481
169532
169533
169631
169644
169678
169700
169731
169772
169803
169805
169841
170035
170088
170297
170299
170325
170331
170349
170400
170404
170507
170661
170771
170806
170832
170852
170933
170953
170980
170988
171087
171092
171141
171380
171395
171435
171672
171695
171749
171789
172058
172138
172231
172313
172317
172347
172389
172540
172630
172705
172764
172830
172906
173111
173155
173187
173246
173290
173308
173344
173362
173410
173472
173480
173483
173606
173655
173703
173722
173811
173862
173897
173953
174037
174040
174103
174143
174148
174201
174265
174273
174286
174344
174442
174443
174504
174625
174641
174643
174714
174724
174732
174770
174790
174813
174833
174851
174899
175016
175096
175125
175203
175246
175374
175378
175381
175415
175537
175631
175683
175736
175743
175744
175785
175837
175882
175888
175994
176042
176246
176262
176274
176314
176325
176340
176387
176478
176509
176510
176622
176689
176709
176736
176789
176794
176829
176847
176924
176932
176949
177001
177002
177042
177080
177126
177147
177165
177169
177402
177436
177476
177533
177589
177623
177682
177887
177903
178008
178048
178114
178133
178257
178271
178277
178280
178378
178435
178443
178456
178488
178610
178620
178676
178724
178769
178803
178816
178819
178934
178935
178990
178998
179005
179086
179105
179131
179279
179327
179406
179416
179497
179539
179602
179725
179762
179805
179828
179835
179845
179890
179898
179943
179972
180070
180076
180113
180270
180283
180290
180305
180329
180388
180392
180398
180416
180482
180501
180556
180587
180751
180801
180831
180832
180872
180902
180981
181004
181195
181212
181380
181417
181516
181543
181555
181605
181651
181673
181701
181841
181874
181889
181943
182020
182058
182241
182247
182248
182254
182307
182422
182434
182451
182523
182527
182548
182551
182623
182706
182716
182717
182738
182745
182754
182837
182840
182843
182903
182922
182962
183057
183210
183220
183237
183276
183391
183439
183469
183594
183613
183632
183683
183694
183706
183752
183778
183783
183922
183933
184209
184215
184377
184428
184533
184558
184597
184671
184702
184741
184762
184806
184823
184827
184846
184850
184904
184941
184955
184989
185029
185163
185206
185212
185321
185360
185368
185391
185453
185479
185484
185506
185687
185689
185700
185771
185777
185849
185872
185878
185895
185988
186021
186036
186103
186227
186229
186309
186514
186516
186617
186875
186879
186969
187019
187022
187150
187196
187346
187400
187406
187467
187537
187557
187818
187882
187935
187963
188003
188121
188259
188303
188331
188433
188465
188493
188503
188567
188639
188641
188824
188847
188855
188862
188894
188933
188963
188993
189026
189057
189088
189152
189188
189244
189297
189377
189455
189461
189479
189568
189594
189609
189803
189816
189838
189843
189863
189864
189865
190008
190026
190038
190125
190221
190278
190429
190463
190469
190496
190611
190633
190671
190817
190833
190912
190927
190973
190980
191011
191015
191056
191101
191127
191174
191183
191262
191291
191353
191358
191383
191459
191506
191577
191667
191775
191875
191876
191951
192013
192043
192051
192052
192127
192271
192297
192326
192335
192358
192361
192445
192485
192494
192554
192807
192821
193094
193167
193194
193239
193243
193406
193531
193738
193751
193754
193770
193841
193844
193868
193871
193938
193946
194023
194057
194066
194152
194189
194194
194222
194234
194317
194432
194443
194513
194530
194624
194667
194700
194713
194741
194743
194771
194785
194811
194832
194863
194966
195037
195141
195233
195325
195498
195516
195549
195555
195649
195754
195773
195796
195826
195877
195917
195940
196090
196169
196179
196243
196257
196461
196525
196727
196994
197033
197111
197186
197227
197235
197263
197295
197315
197407
197417
197506
197518
197525
197541
197543
197553
197584
197596
197716
197784
197787
197911
197927
198014
198037
198072
198147
198251
198272
198287
198361
198543
198552
198582
198594
198611
198634
198713
198817
198820
198847
198954
199038
199270
199296
199334
199342
199363
199412
199415
199606
199896
200108
200207
200265
200344
200404
200426
200482
200521
200562
200650
200737
200742
200788
201000
201075
201083
201087
201144
201179
201251
201381
201431
201496
201563
201572
201626
201717
201744
201751
201754
201760
201798
201809
201831
201860
201862
201929
202005
202073
202248
202266
202308
202323
202389
202420
202501
202527
202555
202604
202619
203064
203082
203221
203350
203360
203551
203580
203696
203706
203709
203831
203939
203953
204001
204019
204042
204093
204137
204226
204235
204246
204266
204274
204287
204447
204531
204535
204768
204852
204858
204949
204988
205030
205047
205116
205226
205249
205304
205404
205538
205639
205642
205649
205668
205688
205718
205751
205831
205841
205848
205980
205985
206006
206074
206081
206115
206175
206235
206252
206497
206596
206620
206741
206769
206826
206839
206903
207128
207168
207184
207191
207296
207366
207435
207478
207508
207669
207715
207737
207780
207809
207978
207993
207999
208072
208224
208332
208484
208518
208580
208610
208627
208647
208729
208745
208772
208852
208934
208962
209072
209106
209121
209146
209175
209182
209226
209251
209316
209383
209394
209430
209538
209546
209559
209619
209665
209734
209763
209809
209812
209831
209927
209974
210198
210226
210369
210417
210464
210485
210501
210530
210546
210548
210562
210592
210715
210754
210764
210941
210952
211044
211163
211165
211166
211235
211365
211482
211523
211552
211614
211625
211708
211770
211858
211868
211887
211943
211947
212140
212235
212287
212403
212432
212457
212470
212526
212606
212638
212725
212787
212811
212833
212838
212847
212853
212888
212925
213024
213033
213035
213115
213153
213313
213316
213328
213341
213369
213409
213411
213415
213474
213521
213569
213615
213629
213679
213724
213728
213751
213805
213826
213836
213875
213876
213911
214017
214095
214102
214158
214265
214301
214307
214319
214411
214445
214471
214548
214562
214569
214607
214660
214666
214710
214772
214789
214834
214853
214868
214905
214984
215045
215055
215094
215135
215151
215163
215251
215354
215428
215455
215534
215574
215606
215655
215763
215790
215798
215857
215871
215900
215908
215913
215940
215975
215976
215994
216005
216044
216064
216070
216171
216335
216360
216374
216503
216532
216565
216589
216634
216688
216706
216744
216811
216843
216844
216888
216926
216945
216961
217045
217059
217066
217357
217438
217493
217522
217544
217593
217651
217765
217796
217847
217918
217941
218006
218017
218073
218395
218471
218636
218857
218861
218952
218996
219068
219138
219181
219218
219243
219281
219346
219356
219359
219446
219527
219532
219544
219549
219555
219579
219580
219590
219621
219727
219752
219753
219829
219927
219978
219990
220013
220047
220087
220092
220210
220259
220261
220270
220305
220311
220357
220422
220608
220625
220674
220722
220731
220781
220814
220851
220852
220876
220888
221018
221031
221038
221132
221146
221202
221298
221316
221332
221488
221589
221590
221672
221694
221795
221816
221826
221867
221886
221888
221889
221899
221973
222086
222093
222104
222125
222136
222267
222362
222375
222380
222491
222522
222595
222598
222798
222896
222999
223030
223036
223123
223125
223226
223259
223372
223407
223494
223550
223626
223722
223731
223758
223764
223772
223843
223909
223936
223942
224001
224006
224049
224068
224079
224191
224205
224223
224225
224316
224350
224422
224424
224449
224462
224528
224567
224656
224663
224675
224701
224711
224725
224778
224823
224902
224909
224976
224983
225020
225091
225234
225277
225421
225545
225637
225679
225745
225758
225771
225780
225807
225899
225933
225941
225978
226010
226022
226148
226218
226221
226252
226322
226360
226407
226424
226573
226709
226758
226775
226812
226914
226958
226981
226998
227015
227041
227086
227141
227164
227231
227253
227365
227389
227418
227506
227522
227541
227593
227595
227620
227778
227821
227849
227868
227937
227942
227987
228155
228167
228343
228459
228491
228496
228497
228522
228537
228548
228562
228783
228789
228893
Possible stars in all of C3:     4490
