55
79
91
545
653
665
671
672
676
687
705
715
720
740
766
942
968
1071
1096
1151
1156
1205
1234
1269
1375
1404
1450
1609
1644
1679
1758
1807
1811
1823
1855
1894
1922
1948
1959
1991
2012
2022
2087
2138
2253
2268
2493
2561
2610
2688
2726
2825
2981
2987
3007
3041
3075
3084
3087
3100
3109
3117
3165
3179
3184
3191
3203
3232
3235
3274
3284
3290
3360
3427
3435
3463
3615
3663
3678
3833
3888
3898
3917
3983
3996
4128
4155
4170
4236
4265
4342
4407
4452
4526
4660
4702
4708
4719
4739
4779
4803
4907
4947
4968
5025
5084
5228
5318
5379
5416
5423
5436
5441
5504
5530
5585
5763
5772
5802
5818
6121
6143
6190
6360
6378
6444
6537
6571
6829
6831
6839
6979
7021
7109
7132
7188
7389
7467
7473
7491
7511
7515
7520
7585
7628
7734
7757
7780
7828
7835
7837
7846
7881
7934
7956
7971
7995
8034
8052
8152
8204
8211
8253
8259
8295
8314
8362
8382
8419
8459
8535
8575
8621
8630
8747
8771
8783
8822
8831
8873
8927
8929
8958
8964
9014
9025
9058
9169
9190
9240
9272
9289
9303
9325
9326
9378
9395
9411
9458
9675
9697
9744
9752
9776
9808
9824
9844
9856
9884
9928
9936
9984
10020
10062
10073
10168
10252
10317
10341
10395
10536
10540
10569
10666
10740
10824
10837
10847
10875
10896
10921
10934
10954
10974
10977
10998
11015
11027
11076
11113
11169
11189
11192
11201
11238
11260
11261
11288
11303
11308
11367
11403
11436
11448
11504
11507
11597
11622
11731
11737
11770
11907
11908
11930
11949
11977
12045
12062
12219
12348
12463
12472
12489
12506
12527
12558
12616
12627
12631
12640
12701
12773
12786
12855
12985
13000
13032
13061
13064
13105
13208
13277
13305
13356
13371
13373
13414
13475
13530
13588
13590
13677
13715
13841
13878
13903
13930
13934
13975
13982
14035
14119
14153
14211
14220
14242
14248
14350
14368
14407
14441
14473
14480
14491
14535
14560
14563
14567
14587
14613
14660
14796
14853
15062
15140
15168
15228
15231
15245
15311
15321
15421
15466
15562
15658
15714
15746
15779
15820
15837
15860
15900
15907
16006
16070
16105
16190
16398
16516
16531
16540
16569
16616
16636
16652
16655
16667
16714
16771
16773
16791
16828
16835
16985
17203
17277
17345
17357
17403
17443
17453
17465
17473
17506
17524
17541
17556
17721
17727
17729
17834
17847
17866
17894
17907
17997
18024
18032
18208
18278
18288
18316
18355
18376
18380
18411
18437
18488
18523
18710
18821
18867
18880
18902
18977
19024
19035
19087
19115
19153
19181
19228
19306
19340
19365
19398
19525
19545
19627
19843
19886
19940
19954
20005
20067
20148
20161
20191
20235
20296
20391
20424
20466
20467
20534
20578
20612
20643
20673
20711
20954
20993
21010
21215
21266
21381
21458
21469
21499
21510
21515
21527
21538
21540
21597
21668
21669
21693
21778
21779
21786
21793
21815
21831
21926
21957
21994
21995
22050
22121
22128
22147
22149
22307
22324
22365
22381
22443
22454
22455
22570
22581
22619
22636
22666
22689
22739
22764
22771
22793
22841
22861
22886
22887
22905
22931
22948
22984
23002
23030
23068
23147
23148
23166
23184
23196
23215
23248
23319
23333
23391
23394
23430
23446
23546
23617
23645
23803
23836
23856
23887
23900
23933
23965
23969
24011
24068
24146
24514
24603
24643
24682
24748
24772
24798
24851
24879
24905
24974
24991
24996
25007
25019
25021
25067
25135
25198
25223
25283
25321
25413
25550
25616
25636
25648
25699
25765
25798
25851
25864
25902
25925
25983
26074
26106
26120
26179
26188
26227
26239
26287
26312
26321
26330
26372
26392
26451
26494
26496
26502
26509
26574
26590
26596
26611
26638
26664
26699
26740
26753
26872
26873
26895
26917
27056
27089
27159
27175
27206
27229
27239
27285
27302
27338
27367
27445
27478
27551
27574
27583
27592
27594
27692
27695
27734
27760
27768
27811
27823
27837
27839
27885
27912
27942
27969
27992
28079
28217
28288
28318
28332
28337
28428
28467
28564
28590
28636
28670
28784
28819
28873
28970
28992
29005
29023
29049
29056
29068
29079
29094
29100
29102
29124
29147
29349
29361
29462
29472
29486
29502
29507
29591
29635
29743
29953
29979
29990
30018
30057
30087
30139
30155
30162
30214
30222
30265
30273
30277
30309
30331
30358
30362
30453
30509
30517
30542
30553
30638
30651
30660
30679
30754
30769
30780
30818
30853
30938
30945
30951
30981
31047
31102
31104
31114
31168
31187
31189
31327
31392
31449
31469
31472
31502
31534
31565
31595
31630
31661
31689
31712
31792
31808
31897
31947
31956
32030
32057
32101
32150
32245
32255
32263
32273
32292
32296
32314
32339
32352
32360
32367
32405
32429
32460
32480
32503
32539
32541
32557
32592
32656
32746
32807
32885
32936
32945
32953
32954
33048
33188
33195
33211
33231
33239
33244
33276
33297
33322
33332
33376
33396
33424
33531
33573
33584
33653
33685
33692
33703
33769
33779
33873
33874
33899
33948
33970
33999
34060
34068
34200
34321
34373
34393
34479
34483
34536
34605
34619
34624
34637
34649
34680
34701
34720
34814
34819
34877
34909
34927
34980
34997
34999
35040
35046
35106
35181
35206
35211
35212
35213
35484
35485
35488
35576
35668
35692
35720
35736
35763
35789
35798
35813
35843
35878
35904
35927
35950
35998
36061
36172
36288
36339
36490
36539
36571
36589
36595
36626
36801
36830
36891
36903
36917
36996
37016
37021
37059
37070
37071
37113
37129
37140
37143
37145
37151
37157
37162
37188
37214
37252
37263
37285
37307
37330
37424
37762
38107
38122
38131
38134
38202
38208
38254
38285
38377
38402
38421
38529
38600
38607
38627
38632
38644
38724
38741
38856
39015
39044
39048
39052
39060
39082
39083
39118
39159
39189
39196
39263
39278
39290
39301
39491
39538
39585
39607
39632
39733
39765
39857
39892
39941
40142
40161
40195
40217
40281
40291
40298
40340
40381
40407
40464
40487
40493
40507
40511
40612
40638
40651
40671
40700
40707
40858
40929
40956
40976
41052
41104
41134
41223
41259
41266
41307
41369
41421
41510
41543
41576
41641
41678
41694
41781
41782
41811
41868
41922
41943
42011
42026
42031
42048
42132
42217
42388
42449
42490
42495
42509
42543
42559
42628
42639
42709
42735
42758
42792
42857
42888
42945
43027
43052
43086
43153
43199
43231
43269
43274
43302
43315
43350
43380
43384
43502
43670
43709
43744
43804
43808
43824
43825
43923
43993
44122
44127
44138
44143
44271
44279
44315
44320
44457
44554
44658
44680
44703
44724
44791
44799
44816
44827
44865
44878
44897
44949
45120
45137
45166
45207
45214
45244
45294
45378
45547
45588
45631
45667
45693
45725
45737
45791
45792
45825
45860
45866
45919
45980
45994
46021
46108
46175
46233
46284
46350
46389
46455
46475
46487
46492
46520
46526
46544
46548
46570
46650
46659
46668
46699
46734
46738
46765
46774
46806
46840
46842
46857
47007
47029
47046
47095
47145
47178
47235
47242
47276
47277
47297
47308
47456
47623
47657
47728
47810
47842
47884
47909
47944
48012
48074
48108
48131
48142
48180
48182
48209
48354
48374
48401
48462
48514
48589
48610
48695
48742
48759
48807
48821
48824
48826
48901
48920
48935
48964
48988
49068
49093
49139
49145
49163
49181
49185
49476
49503
49552
49582
49600
49615
49639
49698
49718
49817
49959
50044
50057
50099
50116
50141
50174
50187
50190
50248
50289
50309
50358
50360
50361
50386
50390
50408
50479
50529
50550
50551
50562
50573
50577
50617
50641
50719
50740
50826
50884
50948
50995
51002
51013
51099
51123
51127
51335
51568
51585
51643
51671
51691
51722
51746
51771
51790
51795
51854
51871
52012
52042
52060
52211
52224
52278
52292
52360
52400
52406
52466
52480
52708
52775
52854
52881
52931
52970
53008
53036
53047
53095
53101
53134
53137
53140
53151
53271
53283
53286
53512
53520
53539
53565
53588
53623
53652
53656
53657
53681
53724
53756
53783
53792
53807
53842
53907
53919
53954
53986
54024
54060
54078
54151
54187
54259
54272
54450
54470
54516
54598
54602
54691
54699
54701
54703
54730
54801
54804
54850
54856
54872
54971
54988
55061
55074
55112
55169
55225
55252
55385
55409
55442
55539
55542
55557
55598
55609
55626
55665
55705
55721
55730
55768
55771
55863
55873
55904
55917
55920
55925
56001
56004
56095
56105
56114
56122
56129
56158
56163
56172
56182
56208
56221
56353
56373
56411
56518
56590
56591
56664
56703
56755
56788
56805
56830
56844
56954
57018
57104
57160
57185
57192
57481
57483
57489
57526
57561
57648
57655
57713
57783
57802
57949
57979
58295
58516
58697
58779
58810
58833
58941
58964
59169
59320
59368
59418
59465
59491
59658
59687
59745
59781
59833
59864
59867
59881
59946
59947
59957
60001
60057
60068
60088
60093
60168
60194
60305
60368
60380
60406
60439
60459
60462
60473
60536
60562
60584
60637
60680
60744
60786
60842
60905
60978
61051
61055
61062
61078
61136
61254
61266
61284
61319
61341
61342
61371
61388
61433
61472
61477
61509
61523
61554
61591
61605
61666
61761
61871
61874
61892
61926
61933
61951
62013
62018
62028
62103
62118
62138
62166
62169
62217
62256
62334
62346
62380
62385
62400
62419
62527
62569
62577
62592
62615
62660
62663
62668
62732
62781
62841
62868
63089
63110
63153
63178
63184
63187
63188
63190
63239
63348
63444
63593
63630
63643
63652
63742
63932
63942
64090
64097
64157
64168
64185
64237
64245
64253
64296
64308
64381
64398
64553
64598
64615
64638
64695
64710
64730
64752
64794
64946
65036
65075
65095
65098
65103
65118
65122
65133
65134
65136
65185
65190
65209
65233
65273
65313
65332
65341
65350
65351
65455
65550
65558
65586
65627
65651
65689
65707
65781
65782
65812
65844
65847
65908
65916
65985
66014
66025
66031
66074
66155
66168
66215
66342
66351
66360
66418
66430
66482
66535
66601
66639
66653
66662
66681
66711
66733
66735
66868
66881
66896
66956
66995
67132
67152
67275
67293
67304
67333
67356
67476
67514
67597
67637
67666
67682
67720
67780
67792
67822
67839
67881
67882
67891
67996
68010
68026
68161
68179
68333
68556
68639
68647
68649
68664
68727
68729
68730
68749
68757
68776
68858
68880
68923
69005
69006
69103
69151
69163
69205
69295
69366
69458
69517
69537
69615
69719
69778
69784
69808
69907
69923
69938
69978
70102
70114
70130
70145
70165
70274
70339
70340
70358
70366
70382
70415
70436
70459
70467
70518
70548
70561
70573
70594
70656
70679
70687
70699
70706
70772
70802
70846
70907
70921
70969
71014
71087
71089
71108
71110
71132
71137
71168
71179
71256
71301
71335
71465
71508
71542
71559
71574
71646
71672
71678
71725
71739
71742
71805
71807
71855
71858
71947
71971
72006
72120
72135
72169
72174
72189
72216
72227
72229
72249
72257
72259
72265
72309
72442
72483
72509
72542
72574
72616
72625
72633
72653
72716
72730
72741
72806
72848
72874
72892
72992
73022
73023
73264
73470
73477
73562
73625
73663
73715
73718
73749
73752
73789
73825
73890
73919
73934
73936
73968
73971
74054
74102
74179
74189
74265
74290
74321
74353
74357
74361
74424
74430
74439
74501
74505
74533
74567
74576
74602
74604
74685
74712
74720
74744
74862
74868
74898
74899
74928
74944
74974
74979
75015
75034
75148
75248
75266
75273
75342
75400
75572
75574
75589
75613
75643
75672
75697
75700
75762
75779
75789
75982
76020
76049
76094
76245
76296
76333
76376
76461
76506
76543
76547
76563
76592
76600
76617
76636
76641
76655
76674
76676
76707
76715
76749
76767
76858
77003
77053
77100
77131
77438
77454
77612
77690
77699
77775
77783
77797
77852
77942
78032
78040
78102
78162
78181
78246
78282
78344
78349
78361
78366
78461
78473
78696
78712
78739
78811
78839
78841
78947
79344
79387
79690
79757
79780
79807
79935
79938
80101
80122
80244
80249
80307
80387
80525
80528
80557
80673
80716
80728
80732
80778
80818
80868
80895
80899
80907
80930
80999
81004
81030
81078
81079
81102
81215
81307
81463
81513
81561
81565
81582
81660
81734
81789
81823
81832
81839
81950
81961
82083
82124
82125
82171
82317
82396
82479
82610
82645
82686
82849
82953
82959
82976
83009
83011
83030
83041
83043
83078
83152
83230
83340
83358
83437
83480
83490
83651
83652
83709
83713
83822
83824
83979
83980
84087
84207
84250
84291
84305
84354
84413
84544
84601
84631
84685
84691
84751
84755
84861
84874
84883
85021
85047
85057
85070
85083
85094
85104
85129
85189
85304
85317
85323
85350
85528
85536
85538
85575
85626
85655
85658
85660
85682
85717
85788
85815
85861
85891
85926
85998
86003
86029
86045
86081
86088
86089
86132
86173
86212
86233
86326
86467
86565
86579
86585
86588
86622
86640
86647
86710
86793
86808
86835
86840
86847
86858
86875
86906
86910
86945
86958
87001
87004
87023
87073
87078
87086
87153
87203
87204
87397
87516
87528
87582
87588
87600
87611
87633
87688
87698
87736
87779
87823
87847
87877
87993
88010
88059
88066
88089
88097
88189
88201
88316
88442
88447
88468
88479
88487
88540
88541
88590
88633
88639
88651
88713
88724
88740
88839
88899
88905
88921
88950
88976
88980
89022
89037
89108
89144
89145
89155
89172
89178
89179
89184
89218
89230
89247
89275
89279
89291
89307
89379
89427
89583
89594
89755
89775
89781
89924
89938
89951
90007
90019
90051
90090
90097
90172
90208
90214
90230
90235
90274
90411
90434
90444
90478
90519
90559
90582
90770
90795
90811
90853
90918
91009
91095
91118
91167
91213
91215
91265
91266
91267
91297
91424
91430
91487
91621
91655
91685
91716
91717
91742
91751
91785
91794
91799
91817
91838
91857
91990
92027
92059
92081
92126
92127
92129
92175
92205
92276
92280
92351
92406
92409
92527
92540
92582
92618
92643
92653
92708
92859
92924
92936
92973
93061
93102
93127
93132
93139
93180
93210
93230
93245
93246
93283
93297
93356
93361
93412
93430
93458
93467
93471
93493
93502
93513
93532
93539
93544
93581
93658
93682
93707
93729
93782
93784
93800
93803
93813
93858
93927
93957
93980
93984
93993
94004
94052
94056
94092
94171
94196
94222
94250
94360
94367
94403
94410
94442
94450
94467
94511
94534
94552
94608
94626
94748
94768
94809
94927
94944
94996
95012
95115
95141
95150
95158
95197
95227
95228
95244
95488
95517
95530
95608
95639
95653
95713
95721
95743
95762
95798
95842
95887
95888
95908
95921
95988
96015
96077
96124
96172
96175
96238
96255
96311
96319
96331
96355
96375
96377
96416
96425
96463
96464
96518
96546
96586
96599
96650
96662
96674
96676
96704
96744
96750
96774
96777
96826
96918
96940
97001
97010
97046
97082
97083
97091
97096
97152
97157
97158
97189
97192
97230
97262
97269
97302
97333
97393
97402
97416
97433
97455
97467
97482
97557
97574
97581
97606
97645
97648
97649
97659
97669
97714
97786
97825
97838
97867
97905
97930
97933
97934
98051
98054
98135
98183
98217
98253
98345
98444
98472
98473
98474
98530
98552
98557
98564
98576
98622
98671
98675
98700
98742
98750
98802
98881
98918
98942
98950
99109
99124
99185
99197
99222
99232
99253
99271
99330
99341
99359
99368
99378
99381
99382
99406
99421
99434
99437
99475
99515
99520
99551
99592
99616
99663
99688
99712
99771
99819
99855
99859
99884
99935
99936
100002
100077
100206
100252
100275
100301
100335
100362
100369
100436
100458
100460
100493
100570
100619
100630
100637
100645
100707
100724
100782
100801
100823
100858
100906
100912
100935
101034
101193
101268
101272
101273
101277
101351
101360
101373
101413
101429
101435
101439
101451
101454
101456
101620
101737
101805
101881
101939
101983
102026
102070
102083
102087
102128
102148
102175
102191
102245
102282
102298
102317
102371
102475
102519
102624
103187
103188
103212
103225
103230
103352
103384
103468
103603
103623
103764
103779
103785
103828
103831
103842
103853
103854
103944
104066
104070
104074
104134
104163
104284
104300
104342
104396
104463
104466
104543
104753
104798
104807
104815
104932
104936
104951
104958
105003
105005
105052
105081
105118
105236
105251
105296
105328
105332
105333
105348
105419
105458
105523
105541
105547
105552
105592
105605
105612
105633
105659
105726
105801
105852
105855
105870
105896
105905
105925
105946
105968
106014
106051
106074
106081
106082
106083
106249
106262
106308
106323
106374
106401
106416
106450
106457
106491
106631
106636
106643
106978
106995
106998
107056
107111
107194
107251
107257
107289
107354
107355
107375
107391
107422
107474
107487
107635
107730
107755
107777
107823
107857
107877
107882
107980
108077
108119
108148
108178
108185
108197
108265
108318
108325
108343
108403
108448
108484
108579
108593
108652
108653
108659
108679
108689
108767
108786
108795
108844
108935
108974
109036
109072
109089
109136
109205
109208
109243
109351
109370
109412
109437
109488
109536
109540
109544
109576
109593
109663
109689
109690
109798
109881
109896
109918
110020
110023
110044
110051
110054
110061
110102
110106
110118
110161
110234
110248
110262
110341
110392
110394
110419
110488
110589
110598
110611
110715
110790
110917
110933
110939
111030
111141
111150
111193
111245
111248
111311
111342
111492
111500
111521
111570
111667
111674
111694
111810
111861
111910
111949
111956
111996
112030
112036
112074
112085
112099
112248
112317
112330
112378
112384
112457
112537
112696
112699
112886
112924
112984
113034
113139
113157
113167
113255
113281
113333
113341
113392
113404
113408
113415
113512
113604
113655
113687
113710
113737
113749
113790
113792
113843
113863
113920
113976
113989
114143
114151
114253
114263
114286
114319
114343
114356
114391
114461
114486
114523
114524
114555
114573
114614
114629
114689
114692
114706
114762
114768
114785
114813
114849
114868
114891
114931
114948
114983
114999
115022
115045
115067
115071
115218
115253
115313
115337
115363
115369
115384
115386
115513
115546
115636
115695
115712
115729
115748
115791
115802
115913
115931
116026
116035
116038
116043
116060
116144
116159
116232
116281
116340
116431
116443
116503
116569
116588
116694
116695
116763
116784
116808
116845
116870
117012
117050
117162
117202
117216
117258
117275
117278
117355
117357
117541
117567
117575
117582
117588
117599
117632
117654
117847
117880
117888
117896
117938
117960
117966
117973
118096
118137
118177
118224
118249
118316
118339
118342
118370
118388
118483
118500
118546
118547
118725
118766
118804
118847
118851
118967
118984
118992
119012
119049
119095
119128
119146
119175
119179
119326
119335
119460
119503
119543
119552
119557
119597
119645
119680
119795
119799
119809
119900
119938
119940
119967
119973
120009
120071
120094
120096
120099
120131
120153
120269
120278
120305
120405
120423
120430
120452
120509
120589
120666
120672
120733
120777
120788
120862
120882
120897
120903
120907
120931
120938
120965
120978
120986
121005
121102
121111
121139
121195
121211
121226
121293
121312
121360
121402
121620
121768
121781
121797
121865
121870
121932
121968
122121
122143
122188
122200
122207
122273
122361
122423
122426
122462
122506
122507
122555
122589
122708
122712
122750
122759
122824
122836
122861
122863
122877
122909
122911
122922
122973
122988
123003
123054
123091
123124
123247
123267
123295
123328
123437
123449
123464
123495
123505
123545
123560
123622
123661
123662
123674
123727
123789
123823
123839
123901
123966
123990
124040
124062
124075
124101
124115
124130
124134
124157
124219
124238
124261
124267
124309
124319
124400
124498
124523
124534
124541
124683
124689
124799
124843
124850
124855
124878
124905
124934
124954
124995
125166
125187
125209
125230
125232
125237
125278
125288
125429
125850
125892
125909
126014
126035
126085
126086
126105
126284
126313
126405
126413
126435
126444
126456
126460
126496
126508
126511
126580
126663
126666
126678
126751
126764
126807
126834
126855
126951
127005
127050
127141
127146
127209
127214
127391
127432
127467
127484
127512
127570
127574
127579
127598
127633
127636
127776
127864
127978
127982
128010
128033
128041
128091
128093
128105
128125
128204
128219
128229
128269
128323
128360
128362
128527
128549
128581
128583
128679
128685
128739
128780
128808
128835
128849
128953
128980
129034
129107
129192
129205
129218
129252
129320
129372
129445
129459
129739
129759
129770
129800
129821
129856
129913
129933
129937
129957
129979
130022
130023
130220
130292
130353
130403
130419
130464
130465
130474
130533
130584
130629
130706
130712
130716
130760
130818
130892
130931
131007
131087
131120
131133
131158
131177
131225
131227
131245
131246
131247
131294
131342
131375
131467
131549
131577
131580
131581
131593
131616
131682
131710
131715
131751
131816
131906
131940
131957
132056
132239
132292
132304
132346
132421
132498
132514
132525
132538
132554
132641
132694
132751
132791
132871
132925
133057
133288
133312
133315
133404
133419
133438
133523
133553
133576
133623
133655
133664
133666
133757
133758
133764
133772
133931
134013
134056
134069
134295
134307
134451
134452
134467
134473
134655
134724
134766
134789
134867
134868
135045
135058
135062
135074
135084
135132
135263
135279
135316
135322
135343
135420
135428
135444
135458
135507
135551
135570
135577
135656
135699
135832
135902
135904
135984
136076
136098
136104
136110
136122
136124
136169
136197
136356
136382
136437
136455
136462
136477
136571
136790
136848
136861
136864
136910
136991
137014
137088
137103
137135
137163
137276
137293
137304
137314
137323
137402
137457
137541
137606
137609
137662
137705
137763
137888
137925
137965
137990
138004
138026
138032
138074
138087
138111
138137
138147
138154
138163
138457
138501
138521
138548
138565
138575
138578
138580
138587
138675
138684
138707
138758
138779
138788
138801
138819
138859
138878
138906
138915
138923
138936
138987
139001
139004
139032
139054
139181
139192
139233
139308
139311
139337
139348
139388
139433
139441
139442
139479
139530
139543
139588
139655
139725
139887
139922
139984
140012
140015
140093
140101
140176
140204
140246
140374
140495
140496
140516
140521
140721
140784
140793
140814
140857
140861
140905
140925
140959
141023
141076
141111
141159
141211
141247
141500
141527
141603
141632
141658
141822
141857
141888
141948
141984
142117
142135
142170
142221
142307
142337
142342
142346
142355
142356
142361
142378
142409
142431
142477
142603
142647
142717
142726
142739
142763
142784
142832
142864
142898
142933
143081
143122
143131
143185
143189
143202
143246
143256
143259
143296
143371
143395
143420
143477
143538
143572
143622
143808
143816
143826
143848
143871
143873
143913
143955
143957
143971
143984
144015
144098
144126
144137
144193
144231
144332
144396
144426
144458
144465
144470
144511
144534
144570
144578
144581
144590
144610
144617
144677
144789
144800
144810
144853
144857
144875
144879
144919
144983
145001
145012
145024
145094
145158
145167
145403
145434
145452
145478
145539
145552
145606
145665
145674
145701
145863
145951
145978
146006
146018
146313
146326
146421
146427
146435
146479
146528
146538
146612
146613
146639
146657
146671
146697
146785
146799
146803
146863
146914
147340
147494
147516
147601
147630
147673
147705
147736
147923
147959
148226
148244
148268
148338
148342
148407
148431
148432
148442
148535
148565
148586
148602
148742
148792
148836
148846
148865
148878
148971
148986
149040
149050
149081
149121
149154
149156
149170
149201
149202
149235
149305
149380
149401
149466
149570
149690
149754
149789
149884
149885
149902
149915
149977
150038
150174
150184
150255
150261
150353
150366
150379
150435
150572
150632
150635
150713
150723
150729
150768
150859
150864
150928
150966
151002
151072
151137
151217
151271
151303
151339
151369
151413
151420
151475
151523
151563
151673
151704
151766
151870
152008
152031
152071
152148
152166
152180
152250
152370
152373
152530
152537
152570
152592
152600
152640
152650
152772
152800
152856
152907
152977
153064
153095
153163
153176
153225
153265
153290
153350
153413
153500
153575
153648
153761
153790
153845
154210
154260
154322
154329
154360
154363
154415
154419
154516
154518
154557
154577
154589
154609
154632
154771
154774
154777
154858
154869
155080
155099
155116
155126
155130
155141
155164
155169
155264
155268
155316
155350
155393
155395
155490
155494
155524
155563
155575
155641
155646
155658
155718
155761
155805
155829
155835
155837
155921
156009
156023
156062
156099
156107
156113
156224
156240
156263
156265
156268
156299
156316
156325
156408
156518
156524
156623
156637
156829
156902
156920
156953
156984
157042
157124
157143
157153
157163
157210
157224
157229
157231
157240
157260
157261
157301
157321
157334
157336
157384
157400
157404
157426
157433
157445
157454
157534
157577
157729
157820
157922
158037
158054
158065
158086
158180
158186
158212
158370
158379
158433
158709
158752
158764
158822
158883
158908
158933
158941
158975
158986
159012
159036
159160
159281
159309
159315
159341
159356
159369
159398
159421
159423
159501
159561
159589
159679
159714
159794
159853
159878
159984
159985
160074
160088
160089
160210
160292
160305
160310
160331
160335
160347
160437
160529
160632
160657
160810
160904
160928
160966
161026
161073
161098
161204
161205
161272
161463
161479
161529
161563
161582
161627
161636
161680
161731
161769
161781
161808
161859
161903
161916
161928
161987
162008
162050
162055
162074
162077
162091
162163
162178
162188
162215
162339
162363
162492
162520
162552
162579
162584
162591
162596
162609
162661
162691
162730
162755
162768
162811
162883
162900
162975
163003
163009
163010
163046
163062
163175
163193
163207
163223
163255
163264
163278
163299
163334
163336
163383
163453
163464
163512
163521
163548
163581
163583
163671
163691
163724
163780
163801
163871
163878
163919
163947
164056
164073
164151
164152
164218
164219
164267
164330
164332
164457
164497
164512
164516
164544
164569
164690
164733
164739
164743
164754
164776
164813
164819
164821
164827
165018
165073
165094
165150
165152
165198
165230
165331
165484
165487
165560
165604
165656
165668
165709
165759
165791
165806
165827
165870
165889
165895
165919
165966
166086
166088
166162
166282
166303
166323
166371
166393
166527
166595
166621
166647
166661
166688
166701
166702
166714
166768
166826
166831
166858
166925
166930
167143
167170
167215
167247
167274
167277
167350
167405
167416
167550
167562
167665
167737
167745
167780
168019
168038
168045
168054
168070
168071
168081
168082
168111
168155
168239
168302
168419
168498
168539
168547
168586
168665
168714
168767
168778
168780
168863
169298
169317
169339
169421
169471
169485
169493
169519
169584
169585
169652
169715
169812
169879
169893
169918
170004
170027
170038
170042
170177
170180
170198
170260
170273
170283
170315
170326
170410
170431
170494
170536
170539
170701
170722
170733
170749
170752
170788
170792
170868
170987
171076
171090
171119
171155
171179
171406
171461
171691
171706
171732
171769
171790
171810
171860
172021
172096
172166
172182
172281
172386
172448
172456
172468
172619
172621
172805
172845
172846
172910
172957
173008
173199
173293
173322
173350
173380
173409
173422
173427
173469
173497
173506
173533
173563
173573
173578
173581
173658
173744
173767
173843
173869
173900
173919
173987
174117
174185
174264
174274
174342
174392
174436
174450
174487
174702
174735
174806
174849
174851
174875
174894
174936
174944
175007
175039
175047
175078
175103
175286
175319
175382
175388
175392
175394
175504
175571
175584
175588
175597
175620
175789
175812
175882
175991
176021
176031
176137
176151
176167
176236
176238
176272
176300
176322
176338
176352
176367
176425
176591
176657
176737
176803
176814
177001
177059
177064
177125
177315
177472
177519
177544
177545
177630
177749
177778
177837
177846
177947
178005
178031
178036
178062
178076
178186
178234
178264
178317
178320
178327
178335
178444
178496
178562
178612
178614
178675
178700
178780
178829
178860
178907
178923
178944
178972
178982
179003
179016
179042
179099
179116
179300
179313
179332
179333
179350
179360
179412
179454
179480
179496
179524
179533
179557
179571
179577
179656
179702
179747
179748
179751
179767
179804
179818
179872
179906
179961
179993
180028
180036
180082
180110
180120
180128
180159
180186
180201
180357
180367
180413
180466
180477
180504
180513
180556
180557
180563
180626
180636
180760
180785
180888
180954
180970
181001
181018
181109
181136
181149
181174
181198
181207
181220
181222
181280
181284
181293
181390
181392
181439
181500
181531
181542
181576
181592
181611
181629
181653
181698
181739
181796
181829
181831
181845
181903
181985
181986
181995
181997
182011
182026
182028
182184
182270
182277
182294
182306
182357
182375
182419
182472
182542
182545
182633
182694
182759
182831
182853
182894
182932
183006
183070
183120
183161
183175
183184
183202
183211
183269
183293
183352
183391
183422
183517
183526
183634
183722
183736
183801
183813
183837
183859
183886
183994
184056
184122
184162
184174
184313
184373
184421
184437
184511
184526
184574
184576
184632
184784
184791
184826
184832
184835
184866
184871
184899
184905
184950
184999
185011
185021
185087
185109
185149
185197
185215
185257
185356
185365
185366
185374
185437
185459
185508
185591
185595
185600
185602
185624
185774
185788
185866
185874
185923
186008
186035
186052
186097
186121
186160
186174
186203
186210
186237
186301
186361
186364
186403
186406
186409
186426
186554
186568
186579
186611
186616
186733
187109
187198
187209
187285
187329
187342
187389
187390
187424
187462
187538
187539
187547
187555
187563
187669
187700
187708
187714
187722
187739
187861
187885
187910
187911
187942
187961
187980
188021
188047
188049
188089
188090
188107
188119
188177
188210
188417
188421
188444
188479
188482
188510
188525
188563
188571
188630
188721
188758
188779
188816
188865
188896
188902
188903
189005
189124
189155
189242
189278
189334
189369
189376
189385
189389
189406
189434
189439
189446
189451
189473
189475
189522
189530
189597
189631
189656
189707
189743
189773
189786
189787
189799
189801
189804
189873
190001
190100
190137
190171
190263
190317
190318
190321
190427
190472
190515
190699
190849
190873
190971
191027
191093
191182
191286
191325
191366
191372
191377
191435
191440
191452
191459
191500
191530
191606
191629
191713
191716
191735
191830
191831
191918
191980
191983
192001
192016
192031
192070
192090
192148
192152
192221
192337
192360
192393
192396
192408
192440
192441
192509
192644
192690
192723
192777
192853
192904
192918
192922
193005
193027
193038
193063
193091
193105
193123
193175
193194
193312
193336
193370
193437
193439
193551
193559
193616
193669
193682
193714
193796
193800
193832
193840
193904
193950
193979
193983
194022
194032
194036
194051
194068
194070
194085
194089
194108
194128
194150
194153
194202
194238
194266
194277
194310
194369
194392
194399
194418
194420
194462
194519
194577
194588
194690
194845
194881
194911
194945
195045
195084
195104
195110
195122
195209
195237
195268
195309
195327
195351
195361
195429
195467
195531
195595
195614
195719
195758
195770
195773
195777
195806
195821
195909
195930
195940
195950
195967
195972
196017
196055
196096
196098
196256
196337
196356
196402
196406
196440
196452
196475
196485
196519
196536
196537
196569
196573
196657
196719
196736
196742
196808
196819
196881
196971
197023
197112
197156
197184
197204
197263
197343
197351
197481
197499
197614
197679
197712
197726
197823
197828
197838
197840
197842
197858
197893
197954
197961
197975
197989
198023
198028
198091
198107
198215
198252
198258
198261
198306
198355
198366
198472
198500
198508
198527
198558
198638
198659
198686
198744
198750
198803
198822
198848
198922
198992
199080
199099
199101
199111
199150
199214
199305
199343
199348
199376
199378
199394
199449
199468
199488
199516
199541
199575
199615
199628
199630
199647
199710
199745
199891
199894
199895
199940
199969
200018
200025
200306
200308
200533
200534
200549
200566
200592
200596
200629
200731
200792
200827
200841
200927
200931
201009
201014
201020
201037
201094
201096
201112
201118
201140
201148
201207
201214
201218
201279
201312
201371
201420
201436
201538
201592
201678
201687
201711
201730
201742
201786
201865
201907
201946
201967
201982
202067
202070
202082
202093
202145
202148
202157
202171
202198
202224
202227
202410
202415
202453
202499
202502
202521
202579
202625
202652
202692
202700
202703
202722
202755
202771
202774
202779
202793
202818
202840
202863
202872
202925
202934
202958
202963
203024
203077
203156
203207
203346
203394
203535
203607
203660
203669
203673
203675
203676
203707
203722
203782
203799
203887
203960
203961
204012
204062
204077
204089
204113
204135
204140
204148
204162
204195
204240
204284
204288
204318
204327
204328
204375
204403
204419
204502
204584
204649
204680
204685
204754
204780
204783
204799
204824
204842
204875
204900
204911
204967
204971
205036
205047
205057
205069
205088
205089
205146
205170
205177
205203
205205
205218
205226
205242
205297
205419
205430
205512
205515
205568
205599
205614
205620
205629
205756
205767
205785
205801
205810
205822
205839
205886
206026
206054
206075
206079
206099
206130
206137
206166
206201
206221
206272
206306
206349
206371
206388
206413
206468
206530
206553
206558
206640
206667
206725
206825
206836
206872
206876
206877
206999
207000
207029
207039
207042
207134
207169
207261
207322
207327
207348
207362
207373
207445
207448
207478
207514
207520
207534
207535
207578
207594
207626
207687
207718
207751
207779
207797
207854
207859
207875
207902
207951
207963
207983
207991
208018
208026
208070
208162
208170
208171
208203
208286
208304
208307
208366
208410
208413
208435
208496
208521
208531
208556
208571
208646
208663
208674
208692
208736
208792
208825
208885
208894
208931
208943
208949
209014
209021
209109
209175
209210
209214
209241
209301
209305
Possible stars in all of X3:     5001
