['X2_lc.fits']
X2_lc.fits
105568
0
16.08073902130127
100
16.301634073257446
200
16.226099252700806
300
16.057252883911133
400
16.091246128082275
500
16.1275155544281
600
16.16676664352417
700
16.08854341506958
800
16.158474683761597
900
16.350515365600586
1000
16.1082603931427
1100
16.07888650894165
1200
16.17374539375305
1300
16.274987936019897
1400
16.178147315979004
1500
16.04830551147461
1600
16.074556350708008
1700
16.08174204826355
1800
16.295464754104614
1900
16.153136730194092
2000
16.109705448150635
2100
16.211899757385254
2200
16.167156457901
2300
16.109078407287598
2400
16.17020320892334
2500
16.419399738311768
2600
16.103842735290527
2700
16.14029836654663
2800
16.245197534561157
2900
16.162801265716553
3000
16.15258812904358
3100
16.32048487663269
3200
16.19809889793396
3300
16.074913263320923
3400
16.165618896484375
3500
16.249343395233154
3600
16.092388153076172
3700
16.206323623657227
3800
16.0820529460907
3900
16.19564938545227
4000
16.31904697418213
4100
16.665690422058105
4200
16.194815635681152
4300
16.235002040863037
4400
16.11710000038147
4500
16.17992639541626
4600
16.129902601242065
4700
16.16990876197815
4800
16.256942749023438
4900
16.215316772460938
5000
16.176445245742798
5100
16.05569887161255
5200
15.915305852890015
5300
16.055240392684937
5400
16.004058837890625
5500
16.037405252456665
5600
16.027093648910522
5700
16.302835941314697
5800
16.2908878326416
5900
16.10397982597351
6000
16.152423620224
6100
16.1065833568573
6200
16.08829379081726
6300
16.0116970539093
6400
16.072372436523438
6500
16.233471632003784
6600
16.244733810424805
6700
16.1137797832489
6800
16.055542707443237
6900
16.044823169708252
7000
16.040863275527954
7100
16.01264262199402
7200
16.072859048843384
7300
16.12802219390869
7400
16.403074026107788
7500
16.053818225860596
7600
16.055561780929565
7700
16.143958806991577
7800
16.084622383117676
7900
16.21228051185608
8000
16.069453239440918
8100
16.15074348449707
8200
16.11695432662964
8300
16.461849689483643
8400
16.212263345718384
8500
16.08419442176819
8600
16.075754642486572
8700
16.171274423599243
8800
16.198606491088867
8900
16.133077144622803
9000
16.25268578529358
9100
16.168325662612915
9200
16.299344301223755
9300
16.2257719039917
9400
16.1642005443573
9500
16.034557342529297
9600
16.10776710510254
9700
16.10903835296631
9800
16.060550689697266
9900
16.054635763168335
10000
16.19963788986206
10100
15.935118198394775
10200
15.910745620727539
10300
16.000206232070923
10400
15.980798482894897
10500
15.966308832168579
10600
16.077382564544678
10700
16.002575874328613
10800
15.838281869888306
10900
15.975736618041992
11000
16.09547185897827
11100
16.237345218658447
11200
16.163897037506104
11300
16.056004762649536
11400
15.982842922210693
11500
16.000831127166748
11600
15.925867080688477
11700
16.00615668296814
11800
16.01910948753357
11900
16.12421751022339
12000
15.8906991481781
12100
15.968782186508179
12200
15.970541954040527
12300
15.947317838668823
12400
16.016398191452026
12500
16.022253274917603
12600
16.150614023208618
12700
16.00058603286743
12800
16.05352807044983
12900
16.002668857574463
13000
16.096747398376465
13100
16.05311369895935
13200
16.06326198577881
13300
16.075205326080322
13400
16.018484354019165
13500
16.16397786140442
13600
16.28275775909424
13700
16.160123348236084
13800
16.14316964149475
13900
16.104097843170166
14000
16.103511333465576
14100
16.098854303359985
14200
16.061819314956665
14300
15.993930101394653
14400
16.16316866874695
14500
16.105465173721313
14600
16.05373191833496
14700
16.260364532470703
14800
16.233148097991943
14900
16.108017921447754
15000
16.0429527759552
15100
15.977290630340576
15200
15.976789474487305
15300
16.034857034683228
15400
16.00344967842102
15500
16.291940927505493
15600
16.04143214225769
15700
16.011993885040283
15800
15.985125303268433
15900
15.915827751159668
16000
16.02296209335327
16100
16.04701828956604
16200
16.15092372894287
16300
15.984148502349854
16400
16.050808429718018
16500
16.18744158744812
16600
16.048495054244995
16700
16.281035661697388
16800
16.057204484939575
16900
16.007373332977295
17000
16.015693426132202
17100
15.92087173461914
17200
16.11290168762207
17300
16.021345138549805
17400
15.932369947433472
17500
16.226210594177246
17600
15.933357238769531
17700
16.061347484588623
17800
15.953959941864014
17900
16.041144847869873
18000
15.946489572525024
18100
16.323317050933838
18200
15.940664768218994
18300
15.971843481063843
18400
16.16245150566101
18500
16.123546600341797
18600
16.312864303588867
18700
16.09033489227295
18800
16.1177659034729
18900
16.16250991821289
19000
16.069855451583862
19100
16.14574646949768
19200
16.448936939239502
19300
16.149420499801636
19400
16.082478284835815
19500
16.192355394363403
19600
16.03518295288086
19700
16.042516708374023
19800
15.95217227935791
19900
16.088095664978027
20000
16.05237054824829
20100
16.047553539276123
20200
16.091379404067993
20300
15.977511405944824
20400
15.989077806472778
20500
15.980005979537964
20600
16.08771514892578
20700
16.155000925064087
20800
16.096991300582886
20900
16.146203756332397
21000
16.139966011047363
21100
16.062240600585938
21200
15.930580377578735
21300
15.920438289642334
21400
16.01093101501465
21500
15.969327688217163
21600
15.998814105987549
21700
16.05014681816101
21800
16.1309232711792
21900
15.947026014328003
22000
15.945362567901611
22100
16.066798210144043
22200
16.001413345336914
22300
16.071569681167603
22400
15.99260139465332
22500
16.0506112575531
22600
16.035150051116943
22700
16.301987409591675
22800
16.089443922042847
22900
16.08722972869873
23000
16.02292490005493
23100
16.133176803588867
23200
16.109918355941772
23300
16.152857303619385
23400
16.28477144241333
23500
15.999646186828613
23600
16.103557348251343
23700
16.28877902030945
23800
16.068536043167114
23900
16.19513750076294
24000
16.157039403915405
24100
16.14497208595276
24200
16.036960124969482
24300
16.069159269332886
24400
16.388033628463745
24500
16.103221893310547
24600
16.136563777923584
24700
16.096603393554688
24800
16.169561624526978
24900
16.097612857818604
25000
16.01037335395813
25100
16.01102900505066
25200
16.036522150039673
25300
16.103427171707153
25400
16.0478675365448
25500
15.964476585388184
25600
16.012635707855225
25700
16.008872985839844
25800
16.08314061164856
25900
16.188863277435303
26000
16.185044527053833
26100
16.030159950256348
26200
16.13991069793701
26300
16.205561637878418
26400
16.181631326675415
26500
16.27740979194641
26600
16.24312448501587
26700
16.07215666770935
26800
16.240190029144287
26900
16.05463743209839
27000
16.22490167617798
27100
16.07921075820923
27200
16.145763158798218
27300
16.22189950942993
27400
16.212751388549805
27500
16.052708625793457
27600
16.253718852996826
27700
16.17071533203125
27800
16.073957920074463
27900
16.329872608184814
28000
16.26737642288208
28100
16.214271068572998
28200
16.146254301071167
28300
16.200231075286865
28400
16.27534508705139
28500
16.015450477600098
28600
16.206387996673584
28700
16.18618154525757
28800
16.053020238876343
28900
16.25369882583618
29000
16.157748460769653
29100
16.04285216331482
29200
16.183929920196533
29300
16.024219036102295
29400
16.16676115989685
29500
16.118258237838745
29600
16.339701652526855
29700
16.237958669662476
29800
16.08489227294922
29900
16.228996992111206
30000
16.13537907600403
30100
16.051157236099243
30200
16.056909322738647
30300
16.114564180374146
30400
15.95044493675232
30500
16.031906127929688
30600
15.896511793136597
30700
16.079849243164062
30800
15.959376335144043
30900
16.191160440444946
31000
16.152509212493896
31100
16.039644718170166
31200
16.12305498123169
31300
15.96612548828125
31400
16.07728409767151
31500
15.934763193130493
31600
16.152368783950806
31700
15.973340272903442
31800
16.208658933639526
31900
16.27390766143799
32000
16.031667470932007
32100
16.204894542694092
32200
16.067705869674683
32300
16.172678470611572
32400
15.991167783737183
32500
16.324015140533447
32600
16.080078601837158
32700
16.19049334526062
32800
16.020723819732666
32900
16.3320734500885
33000
16.030203342437744
33100
16.074029207229614
33200
16.2393696308136
33300
16.05797243118286
33400
16.28455376625061
33500
16.15266442298889
33600
16.25986361503601
33700
16.06872582435608
33800
16.478281497955322
33900
16.114231824874878
34000
16.178659200668335
34100
16.257298946380615
34200
16.14069437980652
34300
16.211117267608643
34400
16.14304256439209
34500
16.21067500114441
34600
16.11801242828369
34700
16.006781339645386
34800
16.409406423568726
34900
16.102771043777466
35000
15.975338459014893
35100
16.06196904182434
35200
15.919883012771606
35300
16.100064039230347
35400
15.984081745147705
35500
15.91639494895935
35600
16.15551447868347
35700
15.901480436325073
35800
16.124138116836548
35900
16.04617929458618
36000
15.99419379234314
36100
16.363463878631592
36200
15.953845024108887
36300
15.972800970077515
36400
16.117069959640503
36500
15.927320718765259
36600
16.11849284172058
36700
15.996998310089111
36800
15.998347759246826
36900
16.181888580322266
37000
15.956011772155762
37100
16.185267448425293
37200
16.15227746963501
37300
16.024070739746094
37400
15.9998140335083
37500
16.05905032157898
37600
16.025226831436157
37700
16.19360852241516
37800
16.028419733047485
37900
16.146586418151855
38000
16.038297414779663
38100
16.05901336669922
38200
16.44201683998108
38300
15.9646737575531
38400
16.137680292129517
38500
15.969550371170044
38600
16.160075664520264
38700
15.963414907455444
38800
15.9472017288208
38900
16.19809627532959
39000
16.086078882217407
39100
16.027941465377808
39200
15.95721983909607
39300
16.26518416404724
39400
16.109166860580444
39500
15.999346494674683
39600
16.096375465393066
39700
16.343072414398193
39800
16.056620597839355
39900
16.04189372062683
40000
16.206719398498535
40100
16.234010696411133
40200
15.970630407333374
40300
15.971972465515137
40400
15.952093362808228
40500
16.20307993888855
40600
16.4047110080719
40700
16.090248346328735
40800
16.07883858680725
40900
15.93916916847229
41000
16.24117636680603
41100
16.08477210998535
41200
16.111582279205322
41300
16.07242226600647
41400
15.945584774017334
41500
16.206928253173828
41600
16.017152070999146
41700
16.03968620300293
41800
16.168136835098267
41900
16.15240240097046
42000
16.191660404205322
42100
16.01427412033081
42200
16.051671028137207
42300
16.216697454452515
42400
16.104626655578613
42500
16.24835515022278
42600
16.019767999649048
42700
16.06466770172119
42800
16.138089179992676
42900
16.216829538345337
43000
16.114874839782715
43100
16.04652738571167
43200
16.369282484054565
43300
16.139262199401855
43400
16.117810487747192
43500
16.111623525619507
43600
16.211185693740845
43700
16.15180253982544
43800
16.365174531936646
43900
16.049700498580933
44000
16.00373935699463
44100
16.077747106552124
44200
16.155057191848755
44300
16.0613911151886
44400
16.08858823776245
44500
16.400208950042725
44600
16.33577609062195
44700
16.09958553314209
44800
16.025162935256958
44900
16.161048650741577
45000
16.07136297225952
45100
16.0362389087677
45200
16.071045875549316
45300
16.155831813812256
45400
15.942790508270264
45500
16.175215482711792
45600
15.99913501739502
45700
16.058664321899414
45800
16.168866872787476
45900
16.06783699989319
46000
16.185415983200073
46100
16.11646270751953
46200
16.051509380340576
46300
16.097023725509644
46400
16.07214593887329
46500
16.077816486358643
46600
16.414856672286987
46700
15.91745376586914
46800
16.126880168914795
46900
15.986944675445557
47000
16.02914595603943
47100
16.06591820716858
47200
16.118513107299805
47300
15.985412359237671
47400
16.07837963104248
47500
16.368028163909912
47600
16.164892196655273
47700
16.174192905426025
47800
16.074620723724365
47900
16.10516381263733
48000
16.143686771392822
48100
16.72293782234192
48200
16.166442394256592
48300
16.177051782608032
48400
16.161821603775024
48500
16.10997700691223
48600
16.11286234855652
48700
16.22161555290222
48800
16.31784987449646
48900
16.11468815803528
49000
16.230169773101807
49100
16.078931093215942
49200
16.12690019607544
49300
16.024012565612793
49400
16.150577068328857
49500
16.060483932495117
49600
16.062211990356445
49700
16.292209148406982
49800
16.019084692001343
49900
16.06795597076416
50000
16.1153883934021
50100
16.012378454208374
50200
16.038654088974
50300
16.05081844329834
50400
16.062491178512573
50500
16.02472162246704
50600
15.887811660766602
50700
15.890061855316162
50800
15.942554473876953
50900
15.938618659973145
51000
16.229963779449463
51100
15.949227333068848
51200
15.98039174079895
51300
15.944828271865845
51400
15.943289995193481
51500
15.949540615081787
51600
16.003516912460327
51700
15.964677810668945
51800
16.172478675842285
51900
15.981015920639038
52000
16.256550788879395
52100
16.172755002975464
52200
16.065993309020996
52300
16.090039014816284
52400
16.113322973251343
52500
16.13623809814453
52600
16.151155710220337
52700
16.4957172870636
52800
16.20046043395996
52900
16.213666439056396
53000
16.246018409729004
53100
15.918455362319946
53200
16.113682508468628
53300
16.139244318008423
53400
16.10007333755493
53500
16.262024402618408
53600
16.073567390441895
53700
16.05108118057251
53800
16.106682777404785
53900
16.323354482650757
54000
16.239213705062866
54100
16.041778564453125
54200
16.11522936820984
54300
16.037863731384277
54400
16.27226185798645
54500
16.25391387939453
54600
16.149118900299072
54700
16.00364089012146
54800
15.819259405136108
54900
16.17437195777893
55000
16.074414253234863
55100
15.94797682762146
55200
15.983256816864014
55300
16.011746883392334
55400
16.00904607772827
55500
16.082152843475342
55600
15.946667194366455
55700
16.338937282562256
55800
16.187073945999146
55900
16.077018976211548
56000
15.895466566085815
56100
15.687961339950562
56200
16.094486951828003
56300
16.03771996498108
56400
15.944266319274902
56500
15.927396535873413
56600
16.01752996444702
56700
16.016868114471436
56800
16.02839493751526
56900
16.00304937362671
57000
16.324667930603027
57100
15.738670587539673
57200
16.09062910079956
57300
16.06926941871643
57400
15.988707780838013
57500
16.105824947357178
57600
16.123685836791992
57700
16.098495960235596
57800
16.16938591003418
57900
16.28182363510132
58000
16.07878041267395
58100
16.13295078277588
58200
16.061183214187622
58300
16.181047201156616
58400
16.107946395874023
58500
16.159742832183838
58600
16.312984943389893
58700
16.4441819190979
58800
15.986625909805298
58900
16.137722492218018
59000
16.166149616241455
59100
16.239391565322876
59200
16.31248426437378
59300
16.33437180519104
59400
16.299848318099976
59500
16.010018825531006
59600
16.184515476226807
59700
16.164324283599854
59800
16.227459192276
59900
16.173426628112793
60000
16.24725604057312
60100
16.175729751586914
60200
15.93636155128479
60300
15.945815563201904
60400
16.067682027816772
60500
16.092392444610596
60600
16.059929132461548
60700
15.99883484840393
60800
16.03948140144348
60900
16.034883499145508
61000
16.13736391067505
61100
16.244542121887207
61200
16.2375009059906
61300
16.16368269920349
61400
16.140218019485474
61500
16.051241159439087
61600
16.041428089141846
61700
16.186407327651978
61800
16.10277271270752
61900
16.127925395965576
62000
16.11786985397339
62100
15.913519620895386
62200
16.2606999874115
62300
16.129534244537354
62400
16.098774433135986
62500
16.062254190444946
62600
15.823568344116211
62700
16.114303827285767
62800
16.204494953155518
62900
16.138582229614258
63000
16.2250816822052
63100
16.205008268356323
63200
16.126416206359863
63300
16.123242378234863
63400
16.10270595550537
63500
16.128729104995728
63600
16.12574291229248
63700
15.887142658233643
63800
16.38297963142395
63900
16.162818431854248
64000
16.066502571105957
64100
16.163930416107178
64200
15.895611047744751
64300
16.49761939048767
64400
16.162972688674927
64500
16.411731719970703
64600
16.150967359542847
64700
15.915103197097778
64800
16.209667682647705
64900
16.090596199035645
65000
16.156585693359375
65100
16.07727289199829
65200
15.751248836517334
65300
16.12882661819458
65400
16.281931161880493
65500
16.04641890525818
65600
15.876216650009155
65700
16.21794080734253
65800
16.15664315223694
65900
16.08819007873535
66000
16.1132652759552
66100
16.036920309066772
66200
16.15105652809143
66300
16.05467462539673
66400
16.105149507522583
66500
16.09563684463501
66600
15.905148983001709
66700
16.304851531982422
66800
16.160211086273193
66900
16.20246458053589
67000
15.879970073699951
67100
16.103039503097534
67200
16.146516799926758
67300
16.097269773483276
67400
15.962238073348999
67500
16.166358947753906
67600
16.260443925857544
67700
16.043919563293457
67800
16.060998678207397
67900
15.784263610839844
68000
16.131480932235718
68100
16.14016556739807
68200
16.110745191574097
68300
15.838839769363403
68400
16.474536418914795
68500
16.158390760421753
68600
16.06217312812805
68700
15.809523582458496
68800
16.202837228775024
68900
16.146188974380493
69000
16.21895718574524
69100
15.944892406463623
69200
16.176440954208374
69300
16.22563934326172
69400
16.378990650177002
69500
15.951468467712402
69600
16.217267990112305
69700
16.215368509292603
69800
15.927982568740845
69900
16.249532461166382
70000
16.236451864242554
70100
16.016613721847534
70200
15.792205333709717
70300
16.092859983444214
70400
16.05315065383911
70500
16.01081943511963
70600
15.792786121368408
70700
15.957944631576538
70800
16.020221710205078
70900
16.055766344070435
71000
15.770917415618896
71100
16.10397982597351
71200
16.31285047531128
71300
15.813059329986572
71400
16.17194700241089
71500
16.14667582511902
71600
16.18246054649353
71700
15.9296395778656
71800
16.188997745513916
71900
16.391870260238647
72000
16.24860167503357
72100
15.996149063110352
72200
16.295217752456665
72300
16.204281091690063
72400
15.898515701293945
72500
16.192795753479004
72600
16.280943393707275
72700
16.47978711128235
72800
15.909856081008911
72900
16.16830039024353
73000
16.234832048416138
73100
15.901107788085938
73200
16.382012367248535
73300
16.199765920639038
73400
16.257988929748535
73500
15.990975379943848
73600
16.574828386306763
73700
16.279691696166992
73800
15.888951778411865
73900
16.30891227722168
74000
16.3321533203125
74100
15.94015622138977
74200
16.584049940109253
74300
16.23947048187256
74400
15.83318305015564
74500
16.258103847503662
74600
16.259207725524902
74700
16.289490222930908
74800
15.831759214401245
74900
16.363505125045776
75000
16.241652011871338
75100
15.786491870880127
75200
16.038022994995117
75300
16.036998510360718
75400
15.783590078353882
75500
16.120253801345825
75600
16.151033639907837
75700
15.769236326217651
75800
16.357677698135376
75900
16.129722833633423
76000
16.149143934249878
76100
15.762645959854126
76200
16.120544910430908
76300
16.163416624069214
76400
15.872804641723633
76500
16.108266592025757
76600
16.37880802154541
76700
16.0283362865448
76800
16.352203369140625
76900
16.19815421104431
77000
15.885081768035889
77100
16.486905574798584
77200
16.199191331863403
77300
15.894836902618408
77400
16.205371856689453
77500
16.266720056533813
77600
15.97617769241333
77700
16.2822904586792
77800
16.235527992248535
77900
16.260528564453125
78000
16.293055534362793
78100
16.215428352355957
78200
15.839041233062744
78300
16.203559398651123
78400
16.243834257125854
78500
15.801697731018066
78600
16.177404165267944
78700
16.193299770355225
78800
16.134634017944336
78900
16.289511680603027
79000
16.207848072052002
79100
15.809728145599365
79200
16.311410665512085
79300
16.23509693145752
79400
16.06948447227478
79500
16.280266046524048
79600
16.33759307861328
79700
15.845103979110718
79800
16.225473880767822
79900
15.862605571746826
80000
16.260454177856445
80100
16.488941192626953
80200
15.826120615005493
80300
16.305566549301147
80400
16.17027974128723
80500
15.86314582824707
80600
16.330360412597656
80700
16.19356942176819
80800
15.85672402381897
80900
16.19107937812805
81000
16.424554109573364
81100
15.742462158203125
81200
16.096205949783325
81300
16.09770441055298
81400
15.77304983139038
81500
16.0897433757782
81600
15.737927675247192
81700
16.1013126373291
81800
16.473708629608154
81900
15.737614393234253
82000
16.12308955192566
82100
16.127835750579834
82200
15.746132373809814
82300
16.407508373260498
82400
16.18869972229004
82500
15.897216558456421
82600
16.072509288787842
82700
15.703325033187866
82800
16.09186625480652
82900
16.131322145462036
83000
15.726401329040527
83100
16.354441165924072
83200
16.10985493659973
83300
15.865179538726807
83400
16.11741280555725
83500
15.718859672546387
83600
16.09340476989746
83700
16.09583878517151
83800
15.736707925796509
83900
16.111114263534546
84000
16.32314419746399
84100
15.805299282073975
84200
16.12902522087097
84300
15.760215282440186
84400
16.2300705909729
84500
16.1182701587677
84600
15.750808477401733
84700
16.34003734588623
84800
15.778425931930542
84900
16.125659704208374
85000
16.138507604599
85100
15.665340185165405
85200
16.042577505111694
85300
16.055766582489014
85400
15.770796775817871
85500
16.030715227127075
85600
15.738377094268799
85700
16.030918836593628
85800
16.031272649765015
85900
15.7106032371521
86000
16.075056314468384
86100
15.71106243133545
86200
16.10690426826477
86300
16.317471742630005
86400
15.726888179779053
86500
16.09306788444519
86600
15.727532863616943
86700
16.118224620819092
86800
16.132654428482056
86900
15.740071773529053
87000
16.141367197036743
87100
15.754863739013672
87200
16.141857624053955
87300
16.36830735206604
87400
15.76345443725586
87500
16.122233390808105
87600
15.765156984329224
87700
16.19883894920349
87800
16.289040088653564
87900
15.93717622756958
88000
16.589746713638306
88100
15.963684558868408
88200
16.246573209762573
88300
16.234193563461304
88400
15.771763324737549
88500
16.344322443008423
88600
15.903666257858276
88700
16.385590314865112
88800
16.172649145126343
88900
16.030091285705566
89000
16.23468518257141
89100
15.821103572845459
89200
16.27222514152527
89300
15.787358045578003
89400
16.21114754676819
89500
16.129899978637695
89600
16.02352786064148
89700
16.35669994354248
89800
15.920154333114624
89900
16.270915508270264
90000
16.24464440345764
90100
15.791566610336304
90200
16.389371871948242
90300
15.745383501052856
90400
16.246127367019653
90500
15.864716053009033
90600
16.306663990020752
90700
16.2714900970459
90800
15.933311223983765
90900
16.23275661468506
91000
15.8155837059021
91100
16.240070104599
91200
15.852949142456055
91300
16.1696138381958
91400
16.17722725868225
91500
15.992502450942993
91600
16.28126311302185
91700
15.850415706634521
91800
16.23908829689026
91900
16.24094295501709
92000
16.262658834457397
92100
16.27233123779297
92200
15.814025640487671
92300
16.2220196723938
92400
15.83822774887085
92500
16.566726446151733
92600
15.798102855682373
92700
16.203680753707886
92800
16.230469226837158
92900
15.805882215499878
93000
16.29635977745056
93100
15.792791604995728
93200
16.537034511566162
93300
15.797991752624512
93400
16.196641206741333
93500
15.86025595664978
93600
16.32045316696167
93700
16.2330002784729
93800
15.765924453735352
93900
16.198981761932373
94000
15.755163669586182
94100
16.439201831817627
94200
15.852165937423706
94300
16.225077867507935
94400
16.2458233833313
94500
15.866794109344482
94600
16.273560523986816
94700
15.916150093078613
94800
16.218303680419922
94900
15.983506202697754
95000
16.324869394302368
95100
15.800092935562134
95200
16.17928194999695
95300
15.749404191970825
95400
16.10936713218689
95500
16.108282566070557
95600
15.735151290893555
95700
16.115391731262207
95800
15.998395919799805
95900
16.1944899559021
96000
15.851238489151001
96100
16.22483205795288
96200
15.769720792770386
96300
16.16413164138794
96400
15.86377239227295
96500
16.211349725723267
96600
16.24032473564148
96700
16.009562730789185
96800
16.249085664749146
96900
15.867737770080566
97000
16.265587091445923
97100
15.75739336013794
97200
16.215408325195312
97300
15.723883867263794
97400
16.197567224502563
97500
16.009926557540894
97600
16.164044618606567
97700
16.22645854949951
97800
15.88224172592163
97900
16.17829155921936
98000
15.743241786956787
98100
16.161510944366455
98200
15.889079809188843
98300
16.270505905151367
98400
16.07654047012329
98500
16.344109773635864
98600
15.909412384033203
98700
16.307680130004883
98800
15.884926319122314
98900
16.381081342697144
99000
15.905825853347778
99100
16.353017330169678
99200
16.43929648399353
99300
16.15863037109375
99400
16.337339162826538
99500
15.86487102508545
99600
16.265311002731323
99700
15.884663820266724
99800
16.29186463356018
99900
15.878884315490723
100000
16.426759243011475
100100
15.938378095626831
100200
16.082414150238037
100300
15.68636178970337
100400
16.13151741027832
100500
15.774529218673706
100600
16.166659832000732
100700
15.74340271949768
100800
16.192710876464844
100900
15.786576271057129
101000
16.255704641342163
101100
15.839470624923706
101200
16.3601553440094
101300
16.21961998939514
101400
15.790361881256104
101500
16.202930450439453
101600
15.785577535629272
101700
16.228879690170288
101800
15.736141443252563
101900
16.07419514656067
102000
16.14040970802307
102100
16.24089741706848
102200
15.883732795715332
102300
16.38860321044922
102400
15.934385299682617
102500
16.36434507369995
102600
15.89951205253601
102700
16.595518112182617
102800
15.823774099349976
102900
16.28090739250183
103000
15.922704935073853
103100
16.23623514175415
103200
15.911296606063843
103300
16.360790729522705
103400
15.833587169647217
103500
16.26617956161499
103600
15.759195327758789
103700
16.459059715270996
103800
15.81399393081665
103900
16.320252656936646
104000
15.772481441497803
104100
16.221745491027832
104200
15.84167194366455
104300
16.312829971313477
104400
15.761014699935913
104500
16.295280933380127
104600
15.920173168182373
104700
16.210524082183838
104800
15.96646499633789
104900
16.26417088508606
105000
15.778074979782104
105100
16.09312915802002
105200
15.639367818832397
105300
16.352869987487793
105400
15.832176446914673
105500
