0 20 normal
Running object 0
0.0
{'g': 0.5060776, 'r': 0.88196576, 'i': 0.86586434, 'z': 0.9241699}
(5, 169)
1669
117.02027454495534
[-1.21359775  0.85787679 -0.00784915 -0.00624853  0.02154501 -0.00477909
  0.14507135  0.15613474  0.16629109]
(5, 119)
1369
117.02027454495534
[-1.21359775  0.85787679 -0.00784915 -0.00624853  0.02154501 -0.00477909
  0.14507135  0.15613474  0.16629109]
ROW: 0 Tau: 0.8578767894176815 V: -1.2135977490750327 dMu: -0.00784914751883109
[-1.18738886  1.03284803]
ROW: 0 Tau: 1.032848027772284 V: -1.1873888584630776
Running object 1
0.0
{'g': 1.0588357, 'r': 1.097474, 'i': 1.1705, 'z': 1.5961295}
(63, 294)
19194
421.61181422485663
[-2.30205045e+00  3.77577338e+00 -2.46712161e-03  1.81795183e-03
 -3.10421855e-02  4.15974492e-02 -2.07840432e-02  2.16580342e-02
  3.64942861e-02]
(63, 244)
15994
421.61181422485663
[-2.30205045e+00  3.77577338e+00 -2.46712161e-03  1.81795183e-03
 -3.10421855e-02  4.15974492e-02 -2.07840432e-02  2.16580342e-02
  3.64942861e-02]
ROW: 1 Tau: 3.775773383159395 V: -2.302050449861374 dMu: -0.002467121608637282
[-2.9489149   3.99960439]
ROW: 1 Tau: 3.999604388793179 V: -2.9489149003767965
Running object 2
0.0
{'g': 0.3361088, 'r': 1.2054077, 'i': 3.47971, 'z': 5.483386}
(17, 271)
5371
389.9931579946767
[-2.80333307e+00  2.69643848e+00 -8.26576593e-03 -1.62894186e-03
  5.13873817e-02  1.27848664e-02 -2.07252059e-01  8.04748987e-03
  7.51111504e-04]
(17, 221)
4471
389.9931579946767
[-2.80333307e+00  2.69643848e+00 -8.26576593e-03 -1.62894186e-03
  5.13873817e-02  1.27848664e-02 -2.07252059e-01  8.04748987e-03
  7.51111504e-04]
ROW: 2 Tau: 2.6964384779290778 V: -2.8033330665181646 dMu: -0.008265765929365914
[-2.20689976  3.99882542]
ROW: 2 Tau: 3.9988254180541323 V: -2.2068997566329256
Running object 3
0.0
{'g': 0.43658927, 'r': 1.6448604, 'i': 4.9906187, 'z': 7.9101295}
(47, 295)
14395
437.8670257811253
[-2.70139954  3.00090584  0.01573655 -0.00519363 -0.01841243  0.09588266
 -0.04831151  0.02042802  0.07494291]
(47, 245)
11995
437.8670257811253
[-2.70139954  3.00090584  0.01573655 -0.00519363 -0.01841243  0.09588266
 -0.04831151  0.02042802  0.07494291]
ROW: 3 Tau: 3.000905837323505 V: -2.701399535613347 dMu: 0.015736545914515253
[-1.86215417  3.99952653]
ROW: 3 Tau: 3.999526534792398 V: -1.8621541698680073
Running object 4
0.0
{'g': 0.3672936, 'r': 1.7518214, 'i': 3.1428778, 'z': 4.212097}
(34, 231)
10431
453.00045288152603
[-2.57523207e+00  3.70514614e+00  2.62767481e-02 -2.80339944e-03
 -2.95117840e-02  6.92685584e-02  4.88888188e-02 -9.25949240e-03
 -2.38388023e-03]
(34, 181)
8681
453.00045288152603
[-2.57523207e+00  3.70514614e+00  2.62767481e-02 -2.80339944e-03
 -2.95117840e-02  6.92685584e-02  4.88888188e-02 -9.25949240e-03
 -2.38388023e-03]
ROW: 4 Tau: 3.7051461377961146 V: -2.575232069736641 dMu: 0.02627674814160509
[-2.03043904  3.9992727 ]
ROW: 4 Tau: 3.99927269755049 V: -2.0304390371780743
Running object 5
0.0
{'g': 3.637891, 'r': 13.403056, 'i': 33.39312, 'z': 48.8948}
emcee: Exception while calling your likelihood function:
  params: [-1.2023299   2.70011128 -0.05655174  0.05792652  0.01282996 -0.07488267
  0.69942596  0.88356389  0.90186876]
  args: (array([56285.22265625, 56285.22265625, 56285.2265625 , 56285.2265625 ,
       56290.20703125, 56290.20703125, 56290.2109375 , 56290.21484375,
       56299.0859375 , 56299.0859375 , 56299.08984375, 56299.08984375,
       56309.1875    , 56309.19140625, 56322.1171875 , 56322.125     ,
       56331.06640625, 56331.0703125 , 56331.0703125 , 56331.07421875,
       56331.078125  , 56543.30859375, 56543.3125    , 56543.3125    ,
       56543.31640625, 56543.3203125 , 56547.26953125, 56547.26953125,
       56547.2734375 , 56547.2734375 , 56547.27734375, 56551.25390625,
       56552.27734375, 56552.27734375, 56552.28125   , 56559.19140625,
       56559.19140625, 56559.1953125 , 56559.19921875, 56559.19921875,
       56563.19921875, 56563.203125  , 56563.203125  , 56563.20703125,
       56563.2109375 , 56575.19140625, 56575.1953125 , 56575.1953125 ,
       56575.19921875, 56575.19921875, 56579.1796875 , 56579.18359375,
       56579.18359375, 56579.1875    , 56579.19140625, 56594.1328125 ,
       56594.13671875, 56594.13671875, 56594.140625  , 56594.140625  ,
       56602.1171875 , 56602.12109375, 56602.125     , 56602.12890625,
       56607.05859375, 56607.05859375, 56607.0625    , 56607.06640625,
       56614.07421875, 56614.07421875, 56614.078125  , 56614.08203125,
       56614.08203125, 56615.09765625, 56615.09765625, 56615.1015625 ,
       56615.10546875, 56625.18359375, 56625.18359375, 56625.1875    ,
       56625.19140625, 56625.19140625, 56628.07421875, 56628.078125  ,
       56628.08203125, 56628.08203125, 56628.0859375 , 56635.12890625,
       56635.12890625, 56635.1328125 , 56635.1328125 , 56635.13671875,
       56645.078125  , 56645.078125  , 56645.08203125, 56645.0859375 ,
       56649.1640625 , 56649.171875  , 56649.17578125, 56653.0859375 ,
       56653.08984375, 56653.09375   , 56653.09375   , 56660.08984375,
       56660.09375   , 56660.09765625, 56667.1171875 , 56667.12109375,
       56667.125     , 56667.125     , 56682.08203125, 56682.08984375,
       56686.125     , 56686.12890625, 56693.03515625, 56693.04296875,
       56887.390625  , 56887.39453125, 56887.3984375 , 56887.3984375 ,
       56891.390625  , 56891.39453125, 56891.39453125, 56891.3984375 ,
       56891.40234375, 56904.296875  , 56904.30078125, 56904.30078125,
       56904.3046875 , 56920.31640625, 56927.23828125, 56927.23828125,
       56927.2421875 , 56927.24609375, 56943.23046875, 56943.23046875,
       56943.234375  , 56943.23828125, 56943.23828125, 56949.32421875,
       56949.32421875, 56949.328125  , 56949.33203125, 56949.33203125,
       56960.26953125, 56960.2734375 , 56960.27734375, 56960.27734375,
       56960.28125   , 56966.36328125, 56980.31640625, 56980.328125  ,
       56988.03125   , 56988.03125   , 56988.03515625, 56988.03515625,
       56988.0390625 , 56992.13671875, 56992.13671875, 56992.140625  ,
       56992.14453125, 56992.14453125, 57008.11328125, 57008.12109375,
       57012.08203125, 57012.0859375 , 57012.0859375 , 57012.08984375,
       57012.08984375, 57018.08203125, 57019.0703125 , 57019.07421875,
       57019.07421875, 57019.078125  , 57019.078125  , 57026.16796875,
       57026.16796875, 57026.171875  , 57026.171875  , 57026.17578125,
       57033.16796875, 57033.171875  , 57047.09765625, 57061.1484375 ,
       57061.15234375, 57066.03515625, 57066.03515625, 57249.421875  ,
       57255.41015625, 57255.4140625 , 57255.4140625 , 57255.41796875,
       57255.421875  , 57265.36328125, 57265.3671875 , 57265.3671875 ,
       57265.37109375, 57265.37109375, 57276.3515625 , 57278.234375  ,
       57278.234375  , 57278.2421875 , 57278.2421875 , 57286.2578125 ,
       57304.1875    , 57311.35546875, 57311.36328125, 57315.23828125,
       57325.12890625, 57329.2109375 , 57329.21484375, 57329.21484375,
       57329.21875   , 57329.22265625, 57332.078125  , 57332.078125  ,
       57332.08203125, 57332.0859375 , 57345.3125    , 57345.3203125 ,
       57355.24609375, 57365.18359375, 57365.19140625, 57365.19140625,
       57372.23828125, 57372.23828125, 57372.2421875 , 57372.2421875 ,
       57385.15625   , 57389.16015625, 57394.16796875, 57401.14453125,
       57408.06640625, 57408.07421875, 57425.1484375 , 57425.15625   ]), array([-1.57486890e-02,  3.17658037e-02,  0.00000000e+00,  3.13064712e-03,
       -4.43937145e-02, -5.71277179e-03, -2.09840154e-03,  7.94134382e-03,
       -1.29411137e-02, -1.17883757e-02, -7.22677261e-03, -1.15321262e-03,
        5.45077212e-03,  1.62067765e-03,  1.25174159e-02, -2.23772577e-03,
       -4.23726672e-03, -1.68691427e-02, -1.22472446e-03, -1.45145562e-02,
       -9.64768603e-03, -9.69202537e-03, -1.28635559e-02,  6.28983555e-03,
       -3.64065380e-03,  4.10806248e-03, -1.10422308e-02, -2.69387150e-04,
       -3.41805606e-03,  6.29765098e-04, -2.35506543e-03, -7.06133470e-02,
       -9.91287082e-03, -8.00497551e-03, -1.02883736e-02,  6.17448706e-03,
        3.85646075e-02, -7.38433097e-03, -8.69180355e-03,  2.77363462e-03,
        2.22568251e-02, -7.07820756e-03,  7.33166817e-04,  1.87954295e-03,
        5.29971672e-03, -4.36598249e-03, -2.54163728e-03,  0.00000000e+00,
        6.57765893e-03,  8.52148887e-03, -4.25841585e-02, -6.87392429e-03,
        7.81478884e-04,  1.71414379e-03,  5.45349103e-05, -1.45273879e-02,
       -1.35595798e-02,  2.09965816e-04, -1.39422128e-02, -5.90623217e-03,
        8.06702115e-03,  1.62992738e-02,  8.24631844e-03,  1.48172677e-03,
       -1.66110601e-02,  2.87602423e-04, -1.94074847e-02, -1.17420135e-02,
        4.79807192e-03,  7.44016562e-03, -1.04986336e-02, -2.20878096e-03,
        4.79938416e-03,  3.84798099e-04,  1.30464351e-02,  4.43921192e-04,
        4.65497188e-03,  4.74117091e-03,  8.03877413e-03, -5.13799349e-03,
        5.11918170e-03,  1.74067002e-02, -2.28370950e-02, -1.30011665e-03,
       -3.56153655e-03, -2.55011162e-03,  3.64400866e-03,  1.05882091e-02,
        1.41183678e-02,  4.93945135e-03,  7.84421060e-03,  2.51617352e-03,
        2.25129654e-03,  3.63950506e-02,  1.18476469e-02,  8.11399892e-03,
        1.62579073e-03,  3.93086171e-04, -1.59487687e-02, -3.51595357e-02,
       -4.60633915e-03, -6.99146884e-03,  3.56177706e-03,  0.00000000e+00,
        9.34713427e-03,  0.00000000e+00,  6.61739483e-02,  2.18876230e-04,
        3.23324138e-03,  3.83359357e-03,  3.60119827e-02,  1.06536560e-02,
        6.39356207e-03, -5.06449072e-03,  4.37050452e-03,  1.18213578e-03,
        7.31891999e-03, -4.64952039e-03,  1.59181084e-03,  4.61635273e-03,
       -1.42029114e-02,  3.33843357e-03,  4.94182389e-03, -4.13279422e-03,
       -4.51297825e-03,  3.46640721e-02, -4.93396586e-03,  7.65164336e-03,
       -1.18549063e-03, -4.12748894e-03,  2.99264118e-03,  7.10168807e-03,
        1.51823944e-04, -5.88103198e-03, -8.29317793e-02,  8.90770636e-04,
       -5.11514628e-03, -7.06301187e-04,  1.14547499e-02,  1.21178990e-02,
        1.75959747e-02,  6.00298867e-03,  4.66620643e-03,  1.33916363e-02,
       -3.10077965e-02,  9.94071271e-03, -6.65879808e-03,  8.23379029e-03,
       -1.03361206e-02,  1.10770622e-03,  2.43093297e-02, -2.87287403e-03,
       -2.81760725e-03,  1.90815944e-02, -2.84047867e-03, -2.05344608e-04,
        1.66148134e-03, -4.98957932e-02, -2.51271459e-03,  5.32625476e-03,
        9.91224661e-04,  7.58706219e-03,  2.31518541e-02,  1.10797146e-02,
       -3.26095335e-03, -6.74872147e-03, -3.53376730e-03, -5.46948472e-03,
       -4.32097493e-03, -4.88372194e-03, -1.62480772e-02, -1.62017234e-02,
       -5.17626293e-03, -8.60668533e-03, -4.17414401e-03, -5.11301914e-03,
        1.00731268e-03, -5.67287905e-03,  4.03138925e-04,  1.54780841e-03,
        5.36517380e-03, -2.79579172e-03,  1.62886956e-03,  3.91130010e-03,
        4.55479603e-03, -1.71483029e-02, -1.65811311e-02,  2.96164333e-04,
       -2.05175225e-02, -2.71201562e-02, -1.28239077e-02, -5.76018170e-03,
       -6.13997551e-03, -1.64763182e-01, -2.15120502e-02,  5.51074569e-04,
       -3.10903590e-04,  3.34519777e-03, -6.74875360e-03,  4.90804389e-03,
        1.09652523e-02, -8.35031678e-04,  1.16056371e-02, -7.95031618e-03,
       -2.84403060e-02, -7.10053835e-03,  7.66375428e-03, -6.39439374e-03,
        3.66569776e-03, -2.08206335e-03, -1.16947172e-02,  1.09712279e-03,
       -5.88181242e-03, -1.20754642e-02, -8.85555055e-03, -1.59747654e-03,
        4.01545456e-03,  5.73435755e-05, -1.56080369e-02, -1.14723817e-02,
        1.55007094e-03,  2.03717444e-02,  1.26842428e-02,  1.27727157e-02,
       -4.93615959e-03,  1.00305083e-03, -9.28981509e-03,  2.15204675e-02,
       -3.96255811e-04, -1.30361840e-02, -2.95822625e-03,  1.48870936e-02,
        6.35356009e-02,  1.47199007e-02, -1.24457432e-02, -1.85919572e-02]), array([7.34998316e-05, 8.34796918e-04, 2.65265684e-05, 2.73968111e-05,
       1.05736166e-03, 6.60665104e-05, 2.39138259e-05, 2.24503670e-05,
       3.40035362e-05, 1.19435725e-04, 2.55881818e-05, 2.19304806e-05,
       2.59533351e-05, 2.59399334e-05, 8.76312619e-04, 2.40439146e-05,
       1.75835983e-04, 3.95557461e-05, 2.58633565e-05, 2.49999709e-05,
       2.53081581e-05, 1.52242570e-04, 3.73551149e-05, 1.68549272e-05,
       1.75536593e-05, 1.77153452e-05, 1.47152167e-04, 3.30410404e-05,
       1.53378791e-05, 1.64156484e-05, 1.68089348e-05, 5.35420559e-04,
       1.99900351e-05, 2.03304185e-05, 2.20105544e-05, 7.32688963e-05,
       9.84859039e-04, 1.98160162e-05, 1.73756485e-05, 1.91044034e-05,
       1.77950806e-04, 3.46178351e-05, 1.65719304e-05, 1.81109779e-05,
       2.00514632e-05, 1.12368207e-04, 1.50572167e-05, 2.93896450e-05,
       1.53018385e-05, 1.54909280e-05, 5.37509842e-04, 1.77639696e-05,
       5.03888300e-05, 1.99979641e-05, 2.08015447e-05, 2.31892537e-04,
       4.72319131e-05, 2.16050598e-05, 2.48525789e-05, 2.45849644e-05,
       1.02911600e-04, 2.81067142e-05, 1.58807470e-05, 1.58546927e-05,
       2.61976024e-05, 9.01811556e-05, 2.99469757e-05, 4.26674669e-05,
       1.64313962e-03, 8.82900984e-05, 2.06346639e-05, 1.84295160e-05,
       1.86188274e-05, 1.28833162e-04, 2.67246358e-03, 2.18026130e-05,
       1.96806763e-05, 2.97922612e-05, 1.22990872e-04, 1.52922914e-05,
       1.59424864e-05, 1.60531272e-05, 1.58880163e-04, 3.23523852e-05,
       1.65115675e-05, 1.88975409e-05, 1.95965104e-05, 4.00518498e-05,
       2.69513194e-04, 1.76179601e-05, 1.88946544e-05, 1.78413462e-05,
       7.08209958e-05, 8.75998244e-04, 1.94691223e-05, 1.72324610e-05,
       6.32410503e-04, 1.99632281e-05, 2.00555462e-05, 2.87969687e-04,
       4.07362624e-05, 2.46903675e-05, 2.01186663e-05, 1.16422607e-04,
       1.56801608e-05, 1.61959446e-05, 5.43472384e-04, 1.92476372e-05,
       2.25252303e-05, 2.02012282e-05, 1.42259933e-04, 1.77017418e-05,
       1.79853616e-05, 1.87135457e-05, 2.96915148e-04, 1.97080371e-05,
       3.77426850e-05, 1.57702184e-05, 1.80688711e-05, 1.67849454e-05,
       1.61870150e-04, 1.85881459e-05, 3.77541576e-05, 2.10405925e-05,
       2.24105021e-05, 2.00727074e-04, 1.87378313e-05, 1.77873169e-05,
       1.92305700e-05, 1.46461574e-05, 1.70137002e-05, 3.34942528e-05,
       1.77376172e-05, 1.72569537e-05, 4.93393904e-04, 4.36576335e-05,
       1.55374934e-05, 1.47065489e-05, 1.50290995e-05, 1.21303981e-04,
       3.32472086e-05, 1.52500992e-05, 1.55662069e-05, 1.55890704e-05,
       2.50893135e-04, 4.61394310e-05, 2.69692436e-05, 2.31804459e-05,
       2.25808875e-05, 3.37573608e-05, 1.23566489e-04, 1.66504193e-05,
       3.67982723e-05, 2.84820028e-04, 1.76861422e-05, 1.93654954e-05,
       2.04168260e-05, 8.06597887e-04, 5.44850536e-05, 1.74166952e-05,
       1.69738796e-05, 1.70564597e-05, 3.21727818e-05, 1.62756581e-05,
       1.29617066e-04, 1.52633260e-05, 3.10306276e-05, 1.55958444e-05,
       1.60619086e-05, 2.22302704e-05, 4.84946972e-04, 4.72009331e-05,
       1.76822962e-05, 1.89178338e-05, 1.86655610e-05, 1.17345229e-04,
       2.36543374e-03, 2.15424703e-05, 2.50260501e-05, 2.14263140e-05,
       2.17652089e-05, 2.14417802e-05, 1.84325227e-05, 2.54561082e-05,
       2.42392853e-05, 2.66122871e-05, 2.28195004e-05, 2.03888099e-04,
       4.33983412e-04, 6.11590559e-05, 2.15083524e-05, 3.03339504e-05,
       3.47794802e-05, 2.15306400e-03, 1.22352905e-04, 2.20070809e-05,
       1.78793592e-05, 1.86485448e-05, 2.10679207e-05, 1.98636130e-04,
       4.11034248e-05, 1.78856685e-05, 1.78678779e-05, 2.36752124e-05,
       3.95510076e-05, 1.52586123e-04, 2.06105017e-05, 2.27596929e-05,
       2.01168576e-05, 2.15252798e-04, 4.10258637e-05, 1.93559227e-05,
       2.17357082e-05, 2.36957856e-05, 4.21937160e-05, 1.88715377e-05,
       2.15324430e-05, 2.06518054e-05, 2.57186754e-04, 2.31118833e-05,
       1.91033979e-05, 2.86025556e-05, 1.52715829e-05, 1.55780188e-05,
       3.85251199e-04, 1.08094012e-04, 4.87200913e-04, 2.38145127e-05,
       1.70886224e-05, 2.37525202e-05, 2.62691491e-05, 1.69266714e-05,
       1.30051395e-03, 2.03260473e-05, 5.15430749e-05, 3.05665657e-05]), array([[0, 1, 0, 0, 1, 0, 0, 0, 0, 1, 0, 0, 0, 0, 1, 0, 1, 0, 0, 0, 0, 1,
        0, 0, 0, 0, 1, 0, 0, 0, 0, 0, 0, 0, 0, 0, 1, 0, 0, 0, 1, 0, 0, 0,
        0, 1, 0, 0, 0, 0, 1, 0, 0, 0, 0, 1, 0, 0, 0, 0, 1, 0, 0, 0, 0, 0,
        0, 0, 1, 0, 0, 0, 0, 0, 1, 0, 0, 0, 1, 0, 0, 0, 1, 0, 0, 0, 0, 0,
        1, 0, 0, 0, 0, 1, 0, 0, 1, 0, 0, 1, 0, 0, 0, 1, 0, 0, 1, 0, 0, 0,
        1, 0, 0, 0, 1, 0, 0, 0, 0, 0, 1, 0, 0, 0, 0, 1, 0, 0, 0, 0, 0, 0,
        0, 0, 1, 0, 0, 0, 0, 1, 0, 0, 0, 0, 1, 0, 0, 0, 0, 0, 1, 0, 0, 1,
        0, 0, 0, 1, 0, 0, 0, 0, 0, 0, 1, 0, 0, 0, 0, 0, 1, 0, 0, 0, 0, 0,
        1, 0, 0, 0, 0, 0, 0, 0, 0, 0, 0, 1, 1, 0, 0, 0, 0, 1, 0, 0, 0, 0,
        0, 1, 0, 0, 0, 0, 0, 1, 0, 0, 0, 1, 0, 0, 0, 0, 0, 0, 0, 0, 1, 0,
        0, 0, 0, 0, 1, 0, 0, 0, 0, 0, 0, 0, 1, 0, 0, 0],
       [1, 0, 0, 0, 0, 1, 0, 0, 1, 0, 0, 0, 0, 0, 0, 0, 0, 1, 0, 0, 0, 0,
        1, 0, 0, 0, 0, 1, 0, 0, 0, 0, 0, 0, 0, 1, 0, 0, 0, 0, 0, 1, 0, 0,
        0, 0, 0, 1, 0, 0, 0, 0, 1, 0, 0, 0, 1, 0, 0, 0, 0, 1, 0, 0, 0, 1,
        0, 0, 0, 1, 0, 0, 0, 1, 0, 0, 0, 1, 0, 0, 0, 0, 0, 1, 0, 0, 0, 1,
        0, 0, 0, 0, 1, 0, 0, 0, 0, 0, 0, 0, 0, 0, 0, 0, 0, 0, 0, 0, 0, 0,
        0, 0, 0, 0, 0, 0, 1, 0, 0, 0, 0, 0, 1, 0, 0, 0, 0, 0, 0, 0, 0, 1,
        0, 0, 0, 1, 0, 0, 0, 0, 1, 0, 0, 0, 0, 1, 0, 0, 0, 0, 0, 0, 1, 0,
        0, 0, 0, 0, 1, 0, 0, 0, 1, 0, 0, 0, 1, 0, 0, 0, 0, 1, 0, 0, 0, 1,
        0, 0, 0, 0, 0, 0, 0, 0, 0, 0, 0, 0, 0, 1, 0, 0, 0, 0, 1, 0, 0, 0,
        0, 0, 1, 0, 0, 0, 0, 0, 0, 0, 0, 0, 1, 0, 0, 0, 1, 0, 0, 0, 0, 0,
        0, 1, 0, 0, 0, 1, 0, 0, 0, 0, 0, 0, 0, 0, 1, 0],
       [0, 0, 1, 0, 0, 0, 1, 0, 0, 0, 0, 1, 1, 0, 0, 0, 0, 0, 1, 0, 0, 0,
        0, 1, 0, 0, 0, 0, 1, 0, 0, 0, 0, 1, 0, 0, 0, 1, 0, 0, 0, 0, 1, 0,
        0, 0, 1, 0, 0, 0, 0, 1, 0, 0, 0, 0, 0, 1, 0, 0, 0, 0, 0, 0, 1, 0,
        0, 0, 0, 0, 1, 0, 0, 0, 0, 1, 0, 0, 0, 1, 0, 0, 0, 0, 1, 0, 0, 0,
        0, 1, 0, 0, 0, 0, 1, 0, 0, 1, 0, 0, 1, 0, 0, 0, 1, 0, 0, 1, 0, 0,
        0, 0, 1, 0, 0, 0, 0, 1, 0, 0, 0, 1, 0, 0, 0, 0, 0, 1, 0, 0, 1, 0,
        0, 0, 0, 0, 1, 0, 0, 0, 0, 1, 0, 0, 0, 0, 0, 1, 0, 0, 0, 0, 0, 0,
        1, 0, 0, 0, 0, 1, 0, 0, 0, 0, 0, 1, 0, 0, 0, 0, 0, 0, 1, 0, 0, 0,
        0, 0, 1, 0, 0, 0, 0, 0, 0, 0, 1, 0, 0, 0, 1, 0, 0, 0, 0, 1, 0, 0,
        0, 0, 0, 0, 0, 0, 0, 0, 0, 0, 0, 0, 0, 1, 0, 0, 0, 1, 0, 0, 0, 0,
        0, 0, 0, 0, 0, 0, 0, 1, 0, 0, 0, 0, 0, 0, 0, 0],
       [0, 0, 0, 1, 0, 0, 0, 1, 0, 0, 1, 0, 0, 1, 0, 1, 0, 0, 0, 1, 1, 0,
        0, 0, 1, 1, 0, 0, 0, 1, 1, 1, 1, 0, 1, 0, 0, 0, 1, 1, 0, 0, 0, 1,
        1, 0, 0, 0, 1, 1, 0, 0, 0, 1, 1, 0, 0, 0, 1, 1, 0, 0, 1, 1, 0, 0,
        1, 1, 0, 0, 0, 1, 1, 0, 0, 0, 1, 0, 0, 0, 1, 1, 0, 0, 0, 1, 1, 0,
        0, 0, 1, 1, 0, 0, 0, 1, 0, 0, 1, 0, 0, 1, 1, 0, 0, 1, 0, 0, 1, 1,
        0, 1, 0, 1, 0, 1, 0, 0, 1, 1, 0, 0, 0, 1, 1, 0, 1, 0, 1, 1, 0, 0,
        1, 1, 0, 0, 0, 1, 1, 0, 0, 0, 1, 1, 0, 0, 1, 0, 1, 1, 0, 1, 0, 0,
        0, 1, 1, 0, 0, 0, 1, 1, 0, 1, 0, 0, 0, 1, 1, 1, 0, 0, 0, 1, 1, 0,
        0, 1, 0, 1, 1, 1, 1, 1, 1, 1, 0, 0, 0, 0, 0, 1, 1, 0, 0, 0, 1, 1,
        1, 0, 0, 1, 1, 1, 1, 0, 1, 1, 1, 0, 0, 0, 1, 1, 0, 0, 1, 1, 0, 1,
        1, 0, 1, 1, 0, 0, 1, 0, 1, 1, 1, 1, 0, 1, 0, 1]]))
  kwargs: {}
  exception:
