['S1_lc.fits']
S1_lc.fits
103903
0
16.501157999038696
100
16.270046710968018
200
16.470322132110596
300
16.535644054412842
400
16.375351905822754
500
16.269221305847168
600
16.253504276275635
700
16.35063886642456
800
16.295024156570435
900
16.492247104644775
1000
16.375948429107666
1100
16.352198123931885
1200
16.21666669845581
1300
16.220344066619873
1400
16.393449068069458
1500
16.304680824279785
1600
16.344753980636597
1700
16.389861345291138
1800
16.340115547180176
1900
16.25097632408142
2000
16.366389274597168
2100
16.37921977043152
2200
16.295865297317505
2300
16.28479242324829
2400
16.327777862548828
2500
16.450019598007202
2600
16.18565559387207
2700
16.455521821975708
2800
16.282318115234375
2900
16.380707025527954
3000
16.190291166305542
3100
16.43871307373047
3200
16.278061389923096
3300
16.316844701766968
3400
16.163718938827515
3500
16.523430347442627
3600
16.496785640716553
3700
16.308839082717896
3800
16.35337805747986
3900
16.326205492019653
4000
16.523531913757324
4100
16.383443593978882
4200
16.24167227745056
4300
16.38613486289978
4400
16.254031896591187
4500
16.230395793914795
4600
16.171911001205444
4700
16.127689599990845
4800
16.34590983390808
4900
16.20194911956787
5000
16.1778564453125
5100
16.17024540901184
5200
16.12228560447693
5300
16.09018874168396
5400
16.24116539955139
5500
16.252023458480835
5600
16.28007960319519
5700
16.419293642044067
5800
16.446082830429077
5900
16.350151300430298
6000
16.242648124694824
6100
16.40144419670105
6200
16.28879189491272
6300
16.259023904800415
6400
16.4457905292511
6500
16.39689564704895
6600
16.54430842399597
6700
16.23422908782959
6800
16.349499225616455
6900
16.403443098068237
7000
16.344749212265015
7100
16.396890878677368
7200
16.397937059402466
7300
16.438148975372314
7400
16.43298864364624
7500
16.256479263305664
7600
16.325944662094116
7700
16.378263235092163
7800
16.363196849822998
7900
16.383434295654297
8000
16.62134599685669
8100
16.41477084159851
8200
16.364779710769653
8300
16.543004274368286
8400
16.349671840667725
8500
16.344084978103638
8600
16.412760019302368
8700
16.356922388076782
8800
16.529290676116943
8900
16.398054122924805
9000
16.362455129623413
9100
16.424288511276245
9200
16.60604453086853
9300
16.497398376464844
9400
16.381714344024658
9500
16.107252597808838
9600
16.183077573776245
9700
16.369555234909058
9800
16.402264833450317
9900
16.45523452758789
10000
16.26795506477356
10100
16.161126375198364
10200
16.300557851791382
10300
16.20342779159546
10400
16.22229313850403
10500
16.165953636169434
10600
16.161142826080322
10700
16.226305961608887
10800
16.28237295150757
10900
16.29975175857544
11000
16.192755222320557
11100
16.398478746414185
11200
16.13397765159607
11300
16.18975520133972
11400
16.195671319961548
11500
16.173471689224243
11600
16.35776972770691
11700
16.20170783996582
11800
16.53045892715454
11900
16.11411428451538
12000
16.255759716033936
12100
16.268000841140747
12200
16.19151496887207
12300
16.177554607391357
12400
16.268927812576294
12500
16.506503343582153
12600
16.362236738204956
12700
16.286108016967773
12800
16.303632259368896
12900
16.154930591583252
13000
16.231625080108643
13100
16.31485939025879
13200
16.378014087677002
13300
16.34237766265869
13400
16.454085111618042
13500
16.32135033607483
13600
16.419490575790405
13700
16.394646644592285
13800
16.38407588005066
13900
16.27584195137024
14000
16.358395099639893
14100
16.39778161048889
14200
16.32553791999817
14300
16.552183628082275
14400
16.239657163619995
14500
16.232733726501465
14600
16.44494342803955
14700
16.36418914794922
14800
16.49421501159668
14900
16.31444478034973
15000
16.331167459487915
15100
16.374985694885254
15200
16.44646644592285
15300
16.36446738243103
15400
16.203216314315796
15500
16.119534254074097
15600
16.206157684326172
15700
16.053257703781128
15800
16.19345259666443
15900
16.273962259292603
16000
16.25551414489746
16100
16.243172645568848
16200
16.138502836227417
16300
16.173277378082275
16400
17.012861013412476
16500
16.422229528427124
16600
16.33116841316223
16700
16.273791790008545
16800
16.15873122215271
16900
16.212604522705078
17000
16.182252407073975
17100
16.232787609100342
17200
16.28093957901001
17300
16.3051700592041
17400
16.17751979827881
17500
16.170716285705566
17600
16.337931394577026
17700
16.231578588485718
17800
16.292773246765137
17900
16.520251512527466
18000
16.281346082687378
18100
16.234798908233643
18200
16.248084783554077
18300
16.236389875411987
18400
16.347068309783936
18500
16.132402420043945
18600
16.112335205078125
18700
16.270955562591553
18800
16.287564277648926
18900
16.43212080001831
19000
16.35879111289978
19100
16.377622365951538
19200
16.50743269920349
19300
16.395278215408325
19400
16.3504536151886
19500
16.2634220123291
19600
16.18322730064392
19700
16.19869875907898
19800
16.15265989303589
19900
16.42415165901184
20000
16.323297262191772
20100
16.166319370269775
20200
16.186538219451904
20300
16.227397203445435
20400
16.24923062324524
20500
16.299601554870605
20600
16.32347273826599
20700
16.19630455970764
20800
16.257169246673584
20900
16.247466564178467
21000
16.310163974761963
21100
16.38670825958252
21200
16.528561115264893
21300
16.235424280166626
21400
16.199040174484253
21500
16.263056755065918
21600
16.24658489227295
21700
16.27857279777527
21800
16.33378005027771
21900
16.29186487197876
22000
16.28669786453247
22100
16.274020195007324
22200
16.35027527809143
22300
16.241041898727417
22400
16.712485313415527
22500
16.76423692703247
22600
16.422277688980103
22700
16.38326358795166
22800
16.368773698806763
22900
16.436081886291504
23000
16.30302858352661
23100
16.50227165222168
23200
16.665455102920532
23300
16.310981035232544
23400
16.326162815093994
23500
16.210813760757446
23600
16.350398302078247
23700
16.306045293807983
23800
16.3936767578125
23900
16.365488529205322
24000
16.35734462738037
24100
16.486207246780396
24200
16.356831073760986
24300
16.5071861743927
24400
16.44916796684265
24500
16.407163381576538
24600
16.519213676452637
24700
16.436277866363525
24800
16.34760808944702
24900
16.532233238220215
25000
16.5807626247406
25100
16.35016918182373
25200
16.334149837493896
25300
16.389216661453247
25400
16.33945107460022
25500
16.498510599136353
25600
16.56563663482666
25700
16.229626893997192
25800
16.553412914276123
25900
16.348365783691406
26000
16.605515241622925
26100
16.263538360595703
26200
16.51039409637451
26300
16.38779330253601
26400
16.275761604309082
26500
16.525842428207397
26600
16.387301921844482
26700
16.43395447731018
26800
16.149385690689087
26900
16.474730968475342
27000
16.311927795410156
27100
16.451499938964844
27200
16.122793912887573
27300
16.399060010910034
27400
16.301087617874146
27500
16.366607904434204
27600
16.279096603393555
27700
16.309091806411743
27800
16.4349627494812
27900
16.28529644012451
28000
16.042672157287598
28100
16.451032400131226
28200
16.736677885055542
28300
16.53022313117981
28400
16.331838607788086
28500
16.276840686798096
28600
16.344651460647583
28700
16.298808097839355
28800
16.34976601600647
28900
16.23170566558838
29000
16.430077075958252
29100
16.279075384140015
29200
16.427247047424316
29300
16.48109722137451
29400
16.541452169418335
29500
16.46659016609192
29600
16.5652916431427
29700
16.07643175125122
29800
16.209649085998535
29900
16.288700819015503
30000
16.282461643218994
30100
16.276283264160156
30200
16.14578342437744
30300
16.236931085586548
30400
16.285348892211914
30500
16.426697254180908
30600
16.29478359222412
30700
16.30001735687256
30800
16.3579683303833
30900
16.212255716323853
31000
16.16423749923706
31100
16.540513277053833
31200
16.160626888275146
31300
16.599462747573853
31400
16.51038360595703
31500
16.580599784851074
31600
16.38554835319519
31700
16.69701838493347
31800
16.558361053466797
31900
16.422099351882935
32000
16.55458164215088
32100
16.389403104782104
32200
16.476807594299316
32300
16.221944570541382
32400
16.430374145507812
32500
16.23120951652527
32600
16.40244460105896
32700
16.37489652633667
32800
16.371026039123535
32900
16.505241870880127
33000
16.426092386245728
33100
16.596487283706665
33200
16.38437509536743
33300
16.60967183113098
33400
16.39431405067444
33500
16.405685663223267
33600
16.426471948623657
33700
16.72994565963745
33800
16.376145124435425
33900
16.350939989089966
34000
16.356459140777588
34100
16.278784036636353
34200
16.50772476196289
34300
16.215511798858643
34400
16.63406205177307
34500
16.30911898612976
34600
16.53240442276001
34700
16.73395276069641
34800
16.23419761657715
34900
16.565251350402832
35000
16.24519109725952
35100
16.197198629379272
35200
16.36596131324768
35300
16.020711183547974
35400
16.29155135154724
35500
16.195314168930054
35600
16.243844509124756
35700
16.75100350379944
35800
16.163459300994873
35900
16.268497467041016
36000
16.08729600906372
36100
16.34196424484253
36200
16.33453679084778
36300
15.988024473190308
36400
16.029679536819458
36500
16.227346420288086
36600
16.144425868988037
36700
16.214000463485718
36800
16.066650867462158
36900
16.113357067108154
37000
16.345070838928223
37100
16.08794093132019
37200
16.438989877700806
37300
16.396050453186035
37400
16.603004932403564
37500
16.333364963531494
37600
16.48346447944641
37700
16.21825075149536
37800
16.262812852859497
37900
16.476428031921387
38000
16.35562515258789
38100
16.198647499084473
38200
16.39721965789795
38300
16.479944467544556
38400
16.197900772094727
38500
16.520676136016846
38600
16.347412586212158
38700
16.456164121627808
38800
16.432490348815918
38900
16.440773010253906
39000
16.51193118095398
39100
16.369892358779907
39200
16.343531847000122
39300
16.30871033668518
39400
16.49323344230652
39500
16.608129501342773
39600
16.389943838119507
39700
16.299739837646484
39800
16.353197813034058
39900
16.302831649780273
40000
16.60691809654236
40100
16.509080171585083
40200
16.55318546295166
40300
16.295368671417236
40400
16.303229331970215
40500
16.256616592407227
40600
16.20210886001587
40700
16.415688514709473
40800
16.36424732208252
40900
16.168766021728516
41000
16.21701216697693
41100
16.358689546585083
41200
16.239262580871582
41300
16.329232931137085
41400
16.32237720489502
41500
16.485108375549316
41600
16.665709018707275
41700
16.472007989883423
41800
16.1531720161438
41900
16.34490656852722
42000
16.442979335784912
42100
16.36561608314514
42200
16.235259294509888
42300
16.5236713886261
42400
16.5354163646698
42500
16.492645263671875
42600
16.482693672180176
42700
16.556418418884277
42800
16.452412366867065
42900
16.336410999298096
43000
16.548659086227417
43100
16.24764108657837
43200
16.592119216918945
43300
16.280736207962036
43400
16.555572986602783
43500
16.287573099136353
43600
16.358801126480103
43700
16.325199365615845
43800
16.315755605697632
43900
16.594398498535156
44000
16.49083423614502
44100
16.455456495285034
44200
16.41613793373108
44300
16.580312252044678
44400
16.33817434310913
44500
16.43191885948181
44600
16.500670194625854
44700
16.667707443237305
44800
16.57062292098999
44900
16.43299150466919
45000
16.285298109054565
45100
16.261935472488403
45200
16.446739673614502
45300
16.20443105697632
45400
16.354539155960083
45500
16.543410778045654
45600
16.3167564868927
45700
16.361709356307983
45800
16.411681175231934
45900
16.52502417564392
46000
16.261242628097534
46100
16.257092475891113
46200
16.156174659729004
46300
16.216575384140015
46400
16.224131107330322
46500
16.372625827789307
46600
16.452582359313965
46700
16.107545375823975
46800
16.235832691192627
46900
16.39008069038391
47000
16.205663442611694
47100
16.14095115661621
47200
16.17102885246277
47300
16.291003227233887
47400
16.141979694366455
47500
16.43779969215393
47600
16.325443744659424
47700
16.360838413238525
47800
16.37220335006714
47900
16.420252084732056
48000
16.262911558151245
48100
16.59334659576416
48200
16.25061273574829
48300
16.311546802520752
48400
16.34541130065918
48500
16.31967258453369
48600
16.44284725189209
48700
16.84439253807068
48800
16.40188217163086
48900
16.524057149887085
49000
16.61644172668457
49100
16.449621200561523
49200
16.422982692718506
49300
16.205684661865234
49400
16.43568444252014
49500
16.505772590637207
49600
16.484188318252563
49700
16.490816354751587
49800
16.473012924194336
49900
16.521127700805664
50000
16.42903208732605
50100
16.43053388595581
50200
16.392977237701416
50300
16.493194341659546
50400
16.377816200256348
50500
16.331465005874634
50600
16.459550380706787
50700
16.33230686187744
50800
16.37649655342102
50900
16.4118070602417
51000
16.57008981704712
51100
16.379398107528687
51200
16.472697496414185
51300
16.489514589309692
51400
16.42852210998535
51500
16.443105697631836
51600
16.48029088973999
51700
16.285677433013916
51800
16.276921272277832
51900
16.359854221343994
52000
16.57214879989624
52100
16.298115015029907
52200
16.305062294006348
52300
16.32427954673767
52400
16.472883462905884
52500
16.375791788101196
52600
16.533104181289673
52700
16.34842610359192
52800
16.328150510787964
52900
16.174773454666138
53000
16.314162731170654
53100
16.204234838485718
53200
16.228720664978027
53300
16.589001178741455
53400
16.508455514907837
53500
16.12601590156555
53600
16.401430130004883
53700
16.422367095947266
53800
16.466513633728027
53900
16.274650812149048
54000
16.258020401000977
54100
16.33903741836548
54200
16.494858264923096
54300
16.18888235092163
54400
16.208139896392822
54500
16.288822889328003
54600
16.377745866775513
54700
16.459940433502197
54800
16.58985137939453
54900
16.706541776657104
55000
16.153468132019043
55100
16.417948961257935
55200
16.335333108901978
55300
16.304412364959717
55400
16.386372566223145
55500
16.28351902961731
55600
16.46313738822937
55700
16.383546352386475
55800
16.30943512916565
55900
16.35533881187439
56000
16.383399963378906
56100
16.297489404678345
56200
16.453970909118652
56300
16.060264825820923
56400
16.28946328163147
56500
16.27209210395813
56600
16.279712915420532
56700
16.309234857559204
56800
16.37286400794983
56900
16.323832750320435
57000
16.386455535888672
57100
16.397507667541504
57200
16.201756477355957
57300
15.9638352394104
57400
16.256205320358276
57500
16.39698815345764
57600
16.342999935150146
57700
16.576566457748413
57800
16.362195014953613
57900
16.347935438156128
58000
16.349733352661133
58100
16.48666000366211
58200
16.120758771896362
58300
16.432066679000854
58400
16.367982387542725
58500
16.378583908081055
58600
16.306775331497192
58700
16.363702058792114
58800
16.33604097366333
58900
16.310359954833984
59000
16.16143035888672
59100
16.446160554885864
59200
16.390801668167114
59300
16.594142198562622
59400
16.403930187225342
59500
16.417474508285522
59600
16.430084943771362
59700
16.036104202270508
59800
16.319846153259277
59900
16.299367666244507
60000
16.376880407333374
60100
16.274694681167603
60200
16.379485845565796
60300
16.308894872665405
60400
16.103894233703613
60500
16.313907384872437
60600
16.337242364883423
60700
16.29977560043335
60800
16.432341814041138
60900
16.26460099220276
61000
16.372500896453857
61100
16.178886651992798
61200
16.526626110076904
61300
16.603739738464355
61400
16.25252056121826
61500
16.461947202682495
61600
16.209458827972412
61700
16.039004802703857
61800
16.36502504348755
61900
16.30467438697815
62000
16.170903205871582
62100
16.301658630371094
62200
16.198043823242188
62300
15.996819496154785
62400
16.150466918945312
62500
16.22136950492859
62600
16.252387762069702
62700
16.186298608779907
62800
15.908307313919067
62900
16.39030623435974
63000
16.369663953781128
63100
16.26084327697754
63200
16.335838317871094
63300
16.359350204467773
63400
16.081518411636353
63500
16.538707494735718
63600
16.40357804298401
63700
16.288165807724
63800
16.328877449035645
63900
16.05796241760254
64000
16.379474878311157
64100
16.486748456954956
64200
16.344383716583252
64300
16.400001525878906
64400
16.351786613464355
64500
16.68934416770935
64600
16.456299304962158
64700
16.4383761882782
64800
16.454954862594604
64900
16.05057191848755
65000
16.496711492538452
65100
16.28823494911194
65200
16.42031455039978
65300
16.310769081115723
65400
15.955355167388916
65500
16.347511768341064
65600
16.258219718933105
65700
16.50946545600891
65800
16.55293083190918
65900
16.124990701675415
66000
16.458625555038452
66100
16.403934955596924
66200
16.413018465042114
66300
16.211620807647705
66400
16.285785675048828
66500
16.525087118148804
66600
16.298957586288452
66700
16.425784587860107
66800
16.383928537368774
66900
16.448964834213257
67000
16.471435546875
67100
16.440149784088135
67200
16.205121517181396
67300
16.531739234924316
67400
16.83406639099121
67500
16.49467444419861
67600
16.01038694381714
67700
16.35302424430847
67800
16.436372995376587
67900
16.487529039382935
68000
16.541005849838257
68100
16.163170099258423
68200
16.444884777069092
68300
16.625808477401733
68400
16.388652086257935
68500
16.22517156600952
68600
16.41654109954834
68700
16.4343900680542
68800
16.595528602600098
68900
16.230371475219727
69000
16.393190622329712
69100
16.47464156150818
69200
16.352797985076904
69300
16.161252975463867
69400
16.37678551673889
69500
16.53012251853943
69600
16.492963790893555
69700
16.134698629379272
69800
16.468165636062622
69900
16.512821674346924
70000
16.06918239593506
70100
16.193986177444458
70200
16.403870105743408
70300
16.36515188217163
70400
16.212833881378174
70500
16.363460779190063
70600
16.20324206352234
70700
16.46467113494873
70800
16.050745010375977
70900
16.477734565734863
71000
16.396326065063477
71100
16.374427318572998
71200
16.013524770736694
71300
16.23713755607605
71400
16.20821475982666
71500
15.950562953948975
71600
16.45920181274414
71700
16.371660232543945
71800
16.421690940856934
71900
15.964890003204346
72000
16.272212982177734
72100
16.556681871414185
72200
16.588964462280273
72300
16.031512022018433
72400
16.41798758506775
72500
16.58907675743103
72600
16.348495483398438
72700
16.361913681030273
72800
16.32882308959961
72900
16.49149250984192
73000
16.11709451675415
73100
16.335192680358887
73200
16.591673612594604
73300
15.988937377929688
73400
16.31665802001953
73500
16.384536504745483
73600
16.52059245109558
73700
16.09097909927368
73800
16.46111559867859
73900
16.336975812911987
74000
16.18186616897583
74100
16.61495542526245
74200
16.442163467407227
74300
15.983543872833252
74400
16.28796100616455
74500
16.266441106796265
74600
16.38360071182251
74700
16.245822429656982
74800
16.502253770828247
74900
16.35103988647461
75000
16.27362632751465
75100
16.409170389175415
75200
16.257580757141113
75300
16.03597140312195
75400
16.37034583091736
75500
16.469552278518677
75600
15.86775827407837
75700
16.21886658668518
75800
16.264480113983154
75900
15.983935356140137
76000
16.613375425338745
76100
16.42927098274231
76200
16.433579206466675
76300
15.956602811813354
76400
16.26019310951233
76500
16.280598640441895
76600
15.998872518539429
76700
16.4164035320282
76800
16.506521701812744
76900
16.14513349533081
77000
16.36833167076111
77100
16.344021320343018
77200
16.011838674545288
77300
16.454628944396973
77400
16.50703525543213
77500
16.155569791793823
77600
16.403842210769653
77700
16.650213956832886
77800
16.222522974014282
77900
16.392058610916138
78000
16.284116983413696
78100
16.28530216217041
78200
16.513001918792725
78300
16.577315092086792
78400
16.134422540664673
78500
16.293431282043457
78600
16.330618619918823
78700
15.984227895736694
78800
16.500611543655396
78900
16.375112056732178
79000
16.17217993736267
79100
16.405951976776123
79200
16.532902240753174
79300
16.16760492324829
79400
16.52162480354309
79500
16.51418662071228
79600
16.17872953414917
79700
16.483578205108643
79800
16.40105152130127
79900
16.244856595993042
80000
16.482244729995728
80100
16.337881088256836
80200
16.01669478416443
80300
16.486833095550537
80400
16.060744524002075
80500
16.445102214813232
80600
16.717055797576904
80700
15.96946382522583
80800
16.322449207305908
80900
16.30825686454773
81000
16.15057110786438
81100
16.484633445739746
81200
16.460007905960083
81300
15.974316596984863
81400
16.549734592437744
81500
16.41967010498047
81600
16.076038122177124
81700
16.384550094604492
81800
16.620262622833252
81900
16.49460482597351
82000
16.326712608337402
82100
16.177807569503784
82200
16.553488969802856
82300
16.46594548225403
82400
16.142042875289917
82500
16.442723274230957
82600
16.41104221343994
82700
16.159079551696777
82800
16.463736295700073
82900
16.230884552001953
83000
16.508986234664917
83100
16.31070041656494
83200
16.303394317626953
83300
16.500818729400635
83400
16.422825574874878
83500
16.4256751537323
83600
16.54607081413269
83700
16.455907821655273
83800
16.11660075187683
83900
16.521191120147705
84000
16.018855094909668
84100
16.57451319694519
84200
16.38226056098938
84300
16.24258828163147
84400
16.589900016784668
84500
16.206527709960938
84600
16.511146783828735
84700
16.47695255279541
84800
16.21160101890564
84900
16.52903985977173
85000
16.58774447441101
85100
16.320930242538452
85200
16.470587253570557
85300
16.186931133270264
85400
16.510332822799683
85500
16.339743614196777
85600
16.07046127319336
85700
16.47257351875305
85800
16.082722902297974
85900
16.423693895339966
86000
16.598587036132812
86100
16.35948371887207
86200
16.497538089752197
86300
16.386051177978516
86400
16.14995765686035
86500
16.67058825492859
86600
16.156391143798828
86700
16.610750913619995
86800
16.468385219573975
86900
16.166786432266235
87000
16.560286045074463
87100
16.05655527114868
87200
16.563920736312866
87300
16.60499620437622
87400
15.960485219955444
87500
16.444442987442017
87600
16.37639880180359
87700
16.325896978378296
87800
16.420908451080322
87900
16.012266397476196
88000
16.584434986114502
88100
16.04458785057068
88200
16.48554039001465
88300
16.709948778152466
88400
16.210684537887573
88500
16.540619373321533
88600
16.172982692718506
88700
16.569106340408325
88800
16.07135844230652
88900
16.637619733810425
89000
16.37150764465332
89100
16.018563270568848
89200
16.508119344711304
89300
16.179404497146606
89400
16.555569171905518
89500
16.44262409210205
89600
16.266183137893677
89700
16.47255277633667
89800
16.091116428375244
89900
16.382856845855713
90000
16.233193397521973
90100
16.448479652404785
90200
16.475300788879395
90300
16.16969084739685
90400
16.39006495475769
90500
16.156405925750732
90600
16.57437539100647
90700
16.321226596832275
90800
15.972801446914673
90900
16.369835376739502
91000
16.0163254737854
91100
16.467768669128418
91200
16.077658653259277
91300
16.472618103027344
91400
16.43850541114807
91500
16.201207876205444
91600
16.515362977981567
91700
16.41420292854309
91800
16.80499243736267
91900
16.15932297706604
92000
16.562377214431763
92100
16.588720083236694
92200
16.20138120651245
92300
16.48640537261963
92400
16.229119062423706
92500
16.85927700996399
92600
16.090624570846558
92700
16.503056287765503
92800
16.6473069190979
92900
16.14462900161743
93000
16.441929817199707
93100
16.206298112869263
93200
16.56759810447693
93300
16.15010118484497
93400
16.420263290405273
93500
16.569181442260742
93600
16.287702322006226
93700
16.564110279083252
93800
16.190866470336914
93900
16.616955995559692
94000
16.23989200592041
94100
16.379157304763794
94200
16.027855157852173
94300
16.471315383911133
94400
16.648900508880615
94500
16.038454055786133
94600
16.539799690246582
94700
16.209232091903687
94800
16.526493072509766
94900
16.086852073669434
95000
16.595423698425293
95100
16.02214479446411
95200
16.396787405014038
95300
16.6026611328125
95400
16.046475887298584
95500
16.50095558166504
95600
16.095847845077515
95700
16.56413173675537
95800
15.979387283325195
95900
16.549086809158325
96000
16.13240385055542
96100
16.641024827957153
96200
16.005892992019653
96300
16.45585346221924
96400
16.451570987701416
96500
16.06062078475952
96600
16.397096395492554
96700
15.927330493927002
96800
16.72461748123169
96900
15.94861650466919
97000
16.88388228416443
97100
16.03357744216919
97200
16.733699083328247
97300
16.135063409805298
97400
16.65993571281433
97500
16.68910312652588
97600
16.2685968875885
97700
16.722432613372803
97800
16.26585340499878
97900
16.718892812728882
98000
16.05765461921692
98100
16.456202745437622
98200
16.132668018341064
98300
16.79939579963684
98400
16.041309356689453
98500
16.382870197296143
98600
16.226741790771484
98700
16.555774450302124
98800
16.586446523666382
98900
16.253167629241943
99000
16.63919234275818
99100
16.346792697906494
99200
16.54711604118347
99300
16.111929893493652
99400
16.530532836914062
99500
16.22042965888977
99600
16.648947715759277
99700
16.30010986328125
99800
16.952102184295654
99900
16.31369400024414
100000
16.788602828979492
100100
16.08627700805664
100200
16.35383152961731
100300
16.042762279510498
100400
16.619388818740845
100500
16.380742073059082
100600
16.067066192626953
100700
16.407350063323975
100800
16.06500244140625
100900
16.40430521965027
101000
16.145445585250854
101100
16.577856063842773
101200
16.333585500717163
101300
16.7213351726532
101400
16.123515605926514
101500
16.622777700424194
101600
16.25728178024292
101700
16.609476804733276
101800
16.158649921417236
101900
16.914873123168945
102000
16.26000666618347
102100
16.790926456451416
102200
15.96260118484497
102300
16.528484106063843
102400
15.984546184539795
102500
16.523152828216553
102600
16.015600442886353
102700
16.35847496986389
102800
15.936703205108643
102900
16.557169675827026
103000
16.18668007850647
103100
16.373891353607178
103200
15.960993766784668
103300
16.548457622528076
103400
16.550142288208008
103500
16.220970630645752
103600
16.543825149536133
103700
16.320981740951538
103800
16.739057540893555
103900
