['X3_lc.fits']
X3_lc.fits
209392
0
16.243017435073853
100
16.27340054512024
200
16.15896201133728
300
16.30396556854248
400
16.094364404678345
500
16.063761949539185
600
16.375168561935425
700
16.57283926010132
800
16.263137102127075
900
16.409509658813477
1000
16.25535750389099
1100
16.25825309753418
1200
16.33897304534912
1300
16.407938718795776
1400
16.35986852645874
1500
16.117472887039185
1600
16.251126050949097
1700
16.52543592453003
1800
16.367900133132935
1900
16.181787490844727
2000
16.51474380493164
2100
16.304651498794556
2200
16.410762548446655
2300
16.27326273918152
2400
16.381651639938354
2500
16.271059274673462
2600
16.253543376922607
2700
16.243762969970703
2800
16.29380488395691
2900
16.414470195770264
3000
16.248018503189087
3100
16.54612708091736
3200
16.34199619293213
3300
16.361174821853638
3400
16.397610187530518
3500
16.38769245147705
3600
16.343585968017578
3700
16.50103449821472
3800
16.353979110717773
3900
16.458927154541016
4000
16.51144289970398
4100
16.274166345596313
4200
16.337103605270386
4300
16.370240688323975
4400
16.516857385635376
4500
16.62060856819153
4600
16.29167604446411
4700
16.407913208007812
4800
16.280864000320435
4900
16.31853985786438
5000
16.37855839729309
5100
16.39067316055298
5200
16.288671016693115
5300
16.26983141899109
5400
16.376914978027344
5500
16.2777316570282
5600
16.24647045135498
5700
16.567744255065918
5800
24.910019159317017
5900
16.267706871032715
6000
16.30165672302246
6100
16.256995677947998
6200
16.27240514755249
6300
16.37680721282959
6400
16.314879417419434
6500
16.381569385528564
6600
16.249816179275513
6700
16.299102067947388
6800
16.375748872756958
6900
16.28115439414978
7000
16.319828748703003
7100
16.326425313949585
7200
16.632270336151123
7300
16.36853861808777
7400
16.21903157234192
7500
16.15976095199585
7600
16.178828954696655
7700
16.169346570968628
7800
16.106460571289062
7900
16.470543146133423
8000
16.21356201171875
8100
16.40597128868103
8200
16.55021858215332
8300
16.38761019706726
8400
16.312278747558594
8500
16.279642343521118
8600
16.386048555374146
8700
16.278620719909668
8800
16.23551630973816
8900
16.325786590576172
9000
16.297528982162476
9100
16.261799812316895
9200
16.28834056854248
9300
16.585790395736694
9400
16.33077836036682
9500
16.252464294433594
9600
16.16661810874939
9700
16.293242692947388
9800
16.4033043384552
9900
16.471107482910156
10000
16.276586294174194
10100
16.204955101013184
10200
16.259880304336548
10300
16.201578855514526
10400
16.215782642364502
10500
16.256718635559082
10600
16.37088418006897
10700
16.32137107849121
10800
16.333444356918335
10900
16.245443105697632
11000
16.253926992416382
11100
16.190895557403564
11200
16.277474880218506
11300
16.64150071144104
11400
16.32784676551819
11500
16.394034385681152
11600
16.223460912704468
11700
16.397152185440063
11800
16.27605175971985
11900
16.260615348815918
12000
16.295196771621704
12100
16.35003352165222
12200
16.314739227294922
12300
16.248817205429077
12400
16.685018301010132
12500
16.398736238479614
12600
16.350609302520752
12700
16.47567868232727
12800
16.311197757720947
12900
16.384777069091797
13000
16.448574781417847
13100
16.36088466644287
13200
16.325316429138184
13300
16.350393295288086
13400
16.46641254425049
13500
16.324196338653564
13600
16.32058310508728
13700
16.345876455307007
13800
16.31298017501831
13900
16.38105273246765
14000
16.38669514656067
14100
16.542624711990356
14200
16.450736045837402
14300
16.37329339981079
14400
16.246735334396362
14500
16.298814296722412
14600
16.358474493026733
14700
16.25224018096924
14800
16.67432188987732
14900
16.25705599784851
15000
16.135314226150513
15100
16.10780620574951
15200
16.270593881607056
15300
16.231701374053955
15400
16.209893465042114
15500
16.32514977455139
15600
16.174327611923218
15700
16.185176610946655
15800
16.263978719711304
15900
16.160788774490356
16000
16.459365606307983
16100
16.229585886001587
16200
16.531235694885254
16300
16.130871534347534
16400
16.254066705703735
16500
16.24049425125122
16600
16.110522508621216
16700
16.180432558059692
16800
16.43555521965027
16900
16.099416971206665
17000
16.19843888282776
17100
16.118677377700806
17200
16.413028955459595
17300
16.119751691818237
17400
16.279979705810547
17500
16.14426875114441
17600
16.193865299224854
17700
16.202146291732788
17800
16.341663599014282
17900
16.644100189208984
18000
16.23639464378357
18100
16.247312545776367
18200
16.467003107070923
18300
16.26258683204651
18400
16.282775163650513
18500
16.250025510787964
18600
16.19454002380371
18700
16.355748176574707
18800
16.342541694641113
18900
16.544249773025513
19000
16.401535272598267
19100
16.14456343650818
19200
16.209895372390747
19300
16.25230860710144
19400
16.18123149871826
19500
16.18911385536194
19600
16.19196319580078
19700
16.33837366104126
19800
16.156949281692505
19900
16.407409191131592
20000
16.244967699050903
20100
16.29325842857361
20200
16.186892986297607
20300
16.254435062408447
20400
16.56128978729248
20500
16.174079179763794
20600
16.14259648323059
20700
16.132075309753418
20800
16.117579698562622
20900
16.252286195755005
21000
16.467235565185547
21100
16.259570121765137
21200
16.18449592590332
21300
16.29184603691101
21400
16.36599612236023
21500
16.255045175552368
21600
16.378634214401245
21700
16.207623720169067
21800
16.15544629096985
21900
16.24375820159912
22000
16.442419290542603
22100
16.398935556411743
22200
16.3161141872406
22300
16.33931303024292
22400
16.27653694152832
22500
16.33637809753418
22600
16.301265239715576
22700
16.349668264389038
22800
16.373945474624634
22900
16.30654525756836
23000
16.41459894180298
23100
16.411832332611084
23200
16.13663387298584
23300
16.27938222885132
23400
16.28438115119934
23500
16.09136724472046
23600
16.22381615638733
23700
16.305819034576416
23800
16.326647996902466
23900
16.273070335388184
24000
16.363759517669678
24100
16.46039652824402
24200
16.313889741897583
24300
16.140644550323486
24400
16.147271156311035
24500
16.148571014404297
24600
16.148406505584717
24700
16.01627278327942
24800
16.259786128997803
24900
16.25242280960083
25000
16.150331258773804
25100
16.21475863456726
25200
16.22141456604004
25300
16.316121101379395
25400
16.0244083404541
25500
16.12728476524353
25600
16.63352680206299
25700
16.368700742721558
25800
16.29484462738037
25900
16.280303716659546
26000
16.282726287841797
26100
16.266401767730713
26200
16.374599933624268
26300
16.366042375564575
26400
16.333400011062622
26500
16.428165435791016
26600
16.348694801330566
26700
16.349517583847046
26800
16.380343675613403
26900
16.384212493896484
27000
16.29904294013977
27100
16.403688669204712
27200
16.506996870040894
27300
16.346830368041992
27400
16.294034004211426
27500
16.50265860557556
27600
16.38171076774597
27700
16.15565299987793
27800
16.351428031921387
27900
16.39390754699707
28000
16.19637370109558
28100
16.115010738372803
28200
16.489452600479126
28300
16.20342206954956
28400
16.107271194458008
28500
16.262505054473877
28600
16.41907548904419
28700
16.097819566726685
28800
16.265414476394653
28900
16.260388612747192
29000
16.107351779937744
29100
16.265398740768433
29200
16.162793397903442
29300
16.471834182739258
29400
16.41647744178772
29500
16.242146730422974
29600
16.629751205444336
29700
16.297693729400635
29800
16.321388483047485
29900
16.439274549484253
30000
16.199004411697388
30100
16.3444881439209
30200
16.18925142288208
30300
16.346611261367798
30400
16.349043369293213
30500
16.210766553878784
30600
16.25111222267151
30700
16.190765857696533
30800
16.34922432899475
30900
16.1275634765625
31000
16.508942127227783
31100
16.340014457702637
31200
16.265167713165283
31300
16.336097717285156
31400
16.371527433395386
31500
16.32214093208313
31600
16.23814082145691
31700
16.4368793964386
31800
16.246020555496216
31900
16.468241214752197
32000
16.367920398712158
32100
16.483909845352173
32200
16.305407524108887
32300
16.476378440856934
32400
16.251132488250732
32500
16.453438758850098
32600
16.238903045654297
32700
16.58142066001892
32800
16.212191581726074
32900
16.45344853401184
33000
16.315577268600464
33100
16.40799307823181
33200
16.254523754119873
33300
16.417370080947876
33400
16.197649478912354
33500
16.11408495903015
33600
16.41788101196289
33700
16.454994440078735
33800
16.442126989364624
33900
16.16933298110962
34000
16.380698680877686
34100
16.161434412002563
34200
16.123729944229126
34300
16.32153606414795
34400
16.362252712249756
34500
16.382474660873413
34600
16.232832431793213
34700
16.292574882507324
34800
16.586987018585205
34900
16.222749948501587
35000
16.320727825164795
35100
16.294376850128174
35200
16.152717113494873
35300
16.314589977264404
35400
16.19905734062195
35500
16.29730224609375
35600
16.5277898311615
35700
16.255886554718018
35800
16.723360061645508
35900
16.345297813415527
36000
16.126765251159668
36100
16.392035245895386
36200
16.354924201965332
36300
16.195584535598755
36400
16.260401964187622
36500
16.32834267616272
36600
16.211052417755127
36700
16.377578258514404
36800
16.080055952072144
36900
16.107778787612915
37000
16.257193088531494
37100
16.078898668289185
37200
16.119958639144897
37300
16.322270154953003
37400
16.22142243385315
37500
16.378013610839844
37600
16.380691289901733
37700
16.165379762649536
37800
16.09973669052124
37900
16.60340666770935
38000
16.087730884552002
38100
16.086819887161255
38200
16.099992513656616
38300
16.257606267929077
38400
16.097867727279663
38500
16.22645592689514
38600
16.259275197982788
38700
16.07133650779724
38800
16.184965133666992
38900
16.236180067062378
39000
16.309271574020386
39100
16.09463667869568
39200
16.17668843269348
39300
16.162396669387817
39400
16.346645832061768
39500
16.234010696411133
39600
16.523319721221924
39700
16.223361492156982
39800
16.20287847518921
39900
16.512280702590942
40000
16.35740089416504
40100
16.36077070236206
40200
16.570024251937866
40300
17.001626014709473
40400
16.359535932540894
40500
16.277679204940796
40600
16.23756694793701
40700
16.30987238883972
40800
16.441568851470947
40900
16.274556398391724
41000
16.496042490005493
41100
16.225077390670776
41200
16.34242534637451
41300
16.33501625061035
41400
16.237849235534668
41500
16.178462743759155
41600
16.26130747795105
41700
16.60642957687378
41800
16.378175973892212
41900
16.27536177635193
42000
16.672626495361328
42100
16.33030414581299
42200
16.48732900619507
42300
16.37307071685791
42400
16.334222555160522
42500
16.34762454032898
42600
16.339078187942505
42700
16.279602766036987
42800
16.481621026992798
42900
16.321430444717407
43000
16.533549308776855
43100
16.451289176940918
43200
16.361702919006348
43300
16.230537176132202
43400
16.23541522026062
43500
16.304796934127808
43600
16.148679733276367
43700
16.26007843017578
43800
16.216181993484497
43900
16.241318941116333
44000
16.27046847343445
44100
16.388651847839355
44200
16.12466859817505
44300
16.440308809280396
44400
16.134630918502808
44500
16.134639024734497
44600
16.14350700378418
44700
16.297709465026855
44800
16.162090063095093
44900
16.134217023849487
45000
16.152632474899292
45100
16.35699224472046
45200
16.440314292907715
45300
16.085078477859497
45400
16.149369955062866
45500
16.14576292037964
45600
16.14854598045349
45700
16.112544536590576
45800
16.281174182891846
45900
16.249898433685303
46000
16.22551941871643
46100
16.435307502746582
46200
16.405824661254883
46300
16.184935808181763
46400
16.126015663146973
46500
16.12197208404541
46600
16.123842000961304
46700
16.114447355270386
46800
16.11539936065674
46900
16.357539176940918
47000
16.14173913002014
47100
16.147287368774414
47200
16.442436933517456
47300
16.150112867355347
47400
16.162398099899292
47500
16.1643488407135
47600
16.1542706489563
47700
16.389323234558105
47800
16.15026021003723
47900
16.141807794570923
48000
16.166121006011963
48100
16.145692825317383
48200
16.621093273162842
48300
16.138336658477783
48400
16.188467502593994
48500
16.190672159194946
48600
16.215911388397217
48700
16.215193510055542
48800
16.154725074768066
48900
16.155343770980835
49000
16.14217472076416
49100
16.32880187034607
49200
16.342902421951294
49300
16.330833435058594
49400
16.151103973388672
49500
16.10003900527954
49600
16.114055156707764
49700
16.111014127731323
49800
16.227527618408203
49900
16.247289419174194
50000
16.13119912147522
50100
16.040226459503174
50200
16.05515694618225
50300
16.68760108947754
50400
16.160708904266357
50500
16.05902409553528
50600
16.118954181671143
50700
16.032912969589233
50800
16.128601789474487
50900
16.04767870903015
51000
16.042563915252686
51100
16.105103731155396
51200
16.134658336639404
51300
16.081416368484497
51400
16.200705766677856
51500
16.077231884002686
51600
16.051438808441162
51700
16.28149962425232
51800
16.08262586593628
51900
16.059766054153442
52000
16.07564949989319
52100
16.423592567443848
52200
16.102248668670654
52300
16.302672147750854
52400
16.21110248565674
52500
16.157630681991577
52600
16.144814252853394
52700
16.282170295715332
52800
16.18861174583435
52900
16.13905096054077
53000
15.985552310943604
53100
16.20048999786377
53200
16.26525902748108
53300
16.3881254196167
53400
16.511571645736694
53500
16.256471395492554
53600
16.32841968536377
53700
16.365546464920044
53800
16.248340129852295
53900
16.189783096313477
54000
16.279311656951904
54100
16.362972497940063
54200
16.424372673034668
54300
16.52716827392578
54400
16.32206082344055
54500
15.89115571975708
54600
16.162529468536377
54700
16.200060606002808
54800
16.84607458114624
54900
16.31848120689392
55000
16.3565411567688
55100
16.180372714996338
55200
16.25409507751465
55300
16.23362159729004
55400
16.480392456054688
55500
16.69387912750244
55600
16.528444290161133
55700
16.2183358669281
55800
16.07029104232788
55900
16.324021100997925
56000
16.397722005844116
56100
16.566132307052612
56200
16.3684983253479
56300
16.398275136947632
56400
16.311500787734985
56500
16.35332155227661
56600
16.3230197429657
56700
16.295480966567993
56800
16.015986919403076
56900
16.49558401107788
57000
16.39275288581848
57100
16.38095760345459
57200
16.49722123146057
57300
16.420135021209717
57400
16.27712655067444
57500
16.349151849746704
57600
16.299724578857422
57700
15.91153860092163
57800
16.24033546447754
57900
16.29682755470276
58000
16.235469341278076
58100
16.2829692363739
58200
16.57779335975647
58300
16.188387155532837
58400
16.357776403427124
58500
16.328791856765747
58600
16.433692932128906
58700
16.364880323410034
58800
16.252092599868774
58900
16.42661213874817
59000
16.369767904281616
59100
16.343393564224243
59200
16.086080312728882
59300
16.334259033203125
59400
16.394388675689697
59500
16.376758337020874
59600
16.402467012405396
59700
16.31353187561035
59800
16.341397523880005
59900
16.074864387512207
60000
16.323224782943726
60100
16.20198965072632
60200
16.362851858139038
60300
16.453185319900513
60400
16.272668838500977
60500
16.039056062698364
60600
16.23221230506897
60700
16.44814896583557
60800
16.241090536117554
60900
16.223820686340332
61000
16.669528484344482
61100
16.27295160293579
61200
15.999868631362915
61300
16.24983525276184
61400
16.337470054626465
61500
16.256713390350342
61600
16.20098090171814
61700
16.284327030181885
61800
16.04076051712036
61900
16.172009468078613
62000
16.509580373764038
62100
16.174710512161255
62200
16.270819187164307
62300
15.895042419433594
62400
16.29766297340393
62500
16.413442850112915
62600
16.218454122543335
62700
16.740111589431763
62800
16.22018027305603
62900
15.919107913970947
63000
16.275286436080933
63100
16.215049505233765
63200
16.24100112915039
63300
16.24505853652954
63400
15.900632858276367
63500
16.19740390777588
63600
16.22582507133484
63700
16.407703161239624
63800
16.342400789260864
63900
15.97651195526123
64000
16.306673526763916
64100
16.37485909461975
64200
16.397647857666016
64300
16.39888596534729
64400
16.150842428207397
64500
16.43987536430359
64600
16.604247331619263
64700
16.49560523033142
64800
16.2412850856781
64900
16.066932439804077
65000
16.433770895004272
65100
16.636303424835205
65200
16.541157722473145
65300
16.274184942245483
65400
16.463616847991943
65500
16.40113353729248
65600
16.355663299560547
65700
16.365413427352905
65800
15.885186195373535
65900
16.3847758769989
66000
16.172643661499023
66100
16.300342559814453
66200
15.917038679122925
66300
16.22289729118347
66400
16.218815326690674
66500
16.34943461418152
66600
16.397074699401855
66700
16.020531177520752
66800
16.330749034881592
66900
16.200976133346558
67000
16.256144285202026
67100
15.919936418533325
67200
16.70976209640503
67300
16.270678758621216
67400
16.319472312927246
67500
16.053120374679565
67600
16.561589241027832
67700
16.386828899383545
67800
16.36591076850891
67900
15.952479600906372
68000
16.545932054519653
68100
16.42631721496582
68200
16.641309022903442
68300
16.119307041168213
68400
16.47203493118286
68500
16.400908708572388
68600
16.353408098220825
68700
16.033764362335205
68800
16.34159803390503
68900
16.435357570648193
69000
16.448973894119263
69100
16.14722990989685
69200
16.509907245635986
69300
16.395787000656128
69400
16.280988693237305
69500
16.04877495765686
69600
16.40977120399475
69700
16.368757963180542
69800
16.235478162765503
69900
15.902316570281982
70000
16.25116467475891
70100
16.154905319213867
70200
16.162001371383667
70300
16.097559452056885
70400
16.1969313621521
70500
16.229195833206177
70600
15.873610019683838
70700
16.268749237060547
70800
16.441592693328857
70900
16.330511569976807
71000
16.168532371520996
71100
16.441599369049072
71200
16.481324672698975
71300
16.765111446380615
71400
16.08133840560913
71500
16.37253499031067
71600
16.36298418045044
71700
16.167445421218872
71800
16.73078680038452
71900
16.453459978103638
72000
16.352913856506348
72100
15.900423049926758
72200
16.430171966552734
72300
16.53842806816101
72400
16.02472972869873
72500
16.438905715942383
72600
16.501489877700806
72700
16.794854402542114
72800
16.43093228340149
72900
16.471869945526123
73000
16.572502374649048
73100
16.169597148895264
73200
16.375012159347534
73300
16.522289752960205
73400
16.62251567840576
73500
16.44823932647705
73600
16.45345711708069
73700
16.48300814628601
73800
16.045149564743042
73900
16.4088294506073
74000
16.66234827041626
74100
16.27137589454651
74200
16.523794889450073
74300
16.437695264816284
74400
16.55837321281433
74500
16.52710747718811
74600
16.377727031707764
74700
16.131043672561646
74800
16.54007601737976
74900
16.588266372680664
75000
16.484694242477417
75100
16.128863096237183
75200
16.33705735206604
75300
16.461474657058716
75400
16.282293796539307
75500
16.5564444065094
75600
16.557090759277344
75700
16.194002389907837
75800
16.456984281539917
75900
16.47239065170288
76000
16.08466863632202
76100
16.44686985015869
76200
16.84450340270996
76300
16.11974573135376
76400
16.418719053268433
76500
16.545223712921143
76600
15.98867154121399
76700
16.48462677001953
76800
16.452940464019775
76900
16.161288738250732
77000
16.582648277282715
77100
16.51725172996521
77200
16.398688554763794
77300
16.026643991470337
77400
16.420830965042114
77500
16.586427927017212
77600
16.107659816741943
77700
16.459440231323242
77800
16.58598279953003
77900
16.38334894180298
78000
16.446441888809204
78100
16.134735584259033
78200
16.481716632843018
78300
16.468626976013184
78400
16.021968364715576
78500
16.833455324172974
78600
16.47893500328064
78700
16.139204263687134
78800
16.43109107017517
78900
16.39705467224121
79000
16.066750049591064
79100
16.49587368965149
79200
16.620654106140137
79300
16.08267068862915
79400
16.402045726776123
79500
16.445743799209595
79600
16.034554719924927
79700
16.503199338912964
79800
16.50775718688965
79900
16.17083740234375
80000
16.57465887069702
80100
16.396039962768555
80200
16.03405737876892
80300
16.486871004104614
80400
16.063966751098633
80500
16.431228399276733
80600
16.50468349456787
80700
16.132565021514893
80800
16.485729932785034
80900
16.474824905395508
81000
16.040589809417725
81100
16.347396850585938
81200
16.263076066970825
81300
16.173105478286743
81400
16.158298015594482
81500
16.158252477645874
81600
15.8163902759552
81700
16.22965431213379
81800
15.950653314590454
81900
16.16945505142212
82000
16.178242206573486
82100
15.955514192581177
82200
16.237873554229736
82300
16.457632064819336
82400
15.930882692337036
82500
16.252238750457764
82600
15.893256902694702
82700
16.248010635375977
82800
16.25669527053833
82900
15.898062944412231
83000
16.405667304992676
83100
16.23749566078186
83200
15.919650316238403
83300
16.352688789367676
83400
16.052663564682007
83500
16.357599020004272
83600
16.608837127685547
83700
16.273434162139893
83800
16.367995738983154
83900
16.363046169281006
84000
15.99217438697815
84100
16.44517707824707
84200
16.0032958984375
84300
16.57868194580078
84400
16.55296540260315
84500
16.153839111328125
84600
16.416724920272827
84700
16.068153619766235
84800
16.508721351623535
84900
16.455103158950806
85000
16.147295713424683
85100
16.51466727256775
85200
16.00274682044983
85300
16.304731130599976
85400
16.527758836746216
85500
16.034169912338257
85600
16.41830801963806
85700
16.30685520172119
85800
15.983132362365723
85900
16.40565586090088
86000
16.01080560684204
86100
16.564696788787842
86200
16.56030297279358
86300
16.06148648262024
86400
16.345916748046875
86500
16.097132682800293
86600
16.55724596977234
86700
16.403207063674927
86800
16.05156397819519
86900
16.503380060195923
87000
16.072989225387573
87100
16.465667009353638
87200
16.568750858306885
87300
16.222037076950073
87400
16.435423851013184
87500
16.029250621795654
87600
16.47749662399292
87700
16.36737322807312
87800
16.176208019256592
87900
16.60650110244751
88000
16.023996353149414
88100
16.50964617729187
88200
16.042455911636353
88300
16.407875061035156
88400
16.369388103485107
88500
16.003994941711426
88600
16.30634355545044
88700
15.9031503200531
88800
16.294285535812378
88900
16.82174587249756
89000
15.896303653717041
89100
17.027376174926758
89200
15.996956586837769
89300
16.45211887359619
89400
16.069798707962036
89500
16.496491193771362
89600
16.450669527053833
89700
15.985793352127075
89800
16.552517652511597
89900
16.087088108062744
90000
16.500304460525513
90100
16.482723236083984
90200
15.923727989196777
90300
16.291203260421753
90400
16.006659030914307
90500
16.38291335105896
90600
16.297601222991943
90700
16.365889072418213
90800
16.260881185531616
90900
15.981517314910889
91000
16.274308443069458
91100
15.884572982788086
91200
16.276933670043945
91300
16.180108785629272
91400
16.450210332870483
91500
16.299401998519897
91600
15.903722524642944
91700
16.284677028656006
91800
15.89060091972351
91900
16.28278660774231
92000
16.024691104888916
92100
16.373270511627197
92200
16.327022314071655
92300
16.22430658340454
92400
16.40361976623535
92500
15.893232822418213
92600
16.482630252838135
92700
16.02851176261902
92800
16.503100156784058
92900
16.2013418674469
93000
16.501027584075928
93100
16.357273817062378
93200
15.926149606704712
93300
16.40286612510681
93400
16.335552215576172
93500
16.371427059173584
93600
15.995511531829834
93700
16.519860982894897
93800
15.947896957397461
93900
16.394975662231445
94000
16.429633617401123
94100
16.067171335220337
94200
16.4138925075531
94300
15.991355657577515
94400
16.689995765686035
94500
16.07588839530945
94600
16.486632347106934
94700
16.127371311187744
94800
16.516056776046753
94900
16.49219846725464
95000
16.09726881980896
95100
16.418392658233643
95200
16.01496458053589
95300
16.46593689918518
95400
16.298187732696533
95500
16.576711893081665
95600
16.246056079864502
95700
16.464128494262695
95800
16.038044452667236
95900
16.516507148742676
96000
16.54641890525818
96100
16.081109285354614
96200
16.501810550689697
96300
16.265156745910645
96400
16.528921127319336
96500
16.25826406478882
96600
16.48041343688965
96700
16.098476886749268
96800
16.494107246398926
96900
16.04606342315674
97000
16.534224033355713
97100
16.057804346084595
97200
16.515750646591187
97300
16.54606533050537
97400
16.058085203170776
97500
16.82117247581482
97600
16.067451238632202
97700
16.5654935836792
97800
16.007158756256104
97900
16.50563621520996
98000
16.009795665740967
98100
16.914018630981445
98200
16.026719331741333
98300
16.46790337562561
98400
16.001964330673218
98500
16.67126202583313
98600
15.986759185791016
98700
16.470372915267944
98800
16.493202924728394
98900
15.953847646713257
99000
16.45394277572632
99100
15.950733184814453
99200
16.495049476623535
99300
16.057371377944946
99400
16.592029571533203
99500
15.952563524246216
99600
16.634405374526978
99700
16.126392602920532
99800
16.822415590286255
99900
16.102266550064087
100000
16.599655151367188
100100
16.056096076965332
100200
16.36574101448059
100300
15.890840291976929
100400
16.353661060333252
100500
15.915635347366333
100600
16.66812753677368
100700
16.21422052383423
100800
16.462639331817627
100900
16.37323260307312
101000
15.97656774520874
101100
16.559749126434326
101200
15.899561643600464
101300
16.359784603118896
101400
16.30904793739319
101500
16.459386110305786
101600
16.249747276306152
101700
16.481066703796387
101800
16.04853320121765
101900
16.564011335372925
102000
16.13426947593689
102100
16.482598304748535
102200
16.07241702079773
102300
16.5773823261261
102400
16.04697895050049
102500
16.402709245681763
102600
15.97783088684082
102700
16.793458223342896
102800
15.990315675735474
102900
16.515873432159424
103000
15.969583749771118
103100
16.481664657592773
103200
16.072203874588013
103300
16.516438961029053
103400
15.894705533981323
103500
16.34746551513672
103600
15.91023063659668
103700
16.510196208953857
103800
15.924917221069336
103900
16.44474720954895
104000
16.11394214630127
104100
16.403076648712158
104200
15.98297667503357
104300
16.570765256881714
104400
16.30214023590088
104500
16.441741704940796
104600
15.941545009613037
104700
16.42501735687256
104800
15.90555214881897
104900
16.657766819000244
105000
16.121042490005493
105100
16.766536474227905
105200
15.927943706512451
105300
16.38785147666931
105400
15.926326513290405
105500
16.457324981689453
105600
16.042505502700806
105700
16.50943684577942
105800
16.151963472366333
105900
16.363301753997803
106000
15.924505472183228
106100
16.501922845840454
106200
16.054394721984863
106300
16.56363558769226
106400
16.225496768951416
106500
16.955081701278687
106600
16.38928747177124
106700
16.54141139984131
106800
16.040417909622192
106900
16.502017498016357
107000
15.972258567810059
107100
16.559606552124023
107200
16.036604166030884
107300
16.61850333213806
107400
16.046528339385986
107500
16.796995639801025
107600
16.065807819366455
107700
16.564085960388184
107800
16.090734481811523
107900
16.588825225830078
108000
16.08563494682312
108100
16.485477447509766
108200
15.952696323394775
108300
16.3583242893219
108400
16.301270246505737
108500
16.647289752960205
108600
16.03605580329895
108700
15.912083387374878
108800
16.412296772003174
108900
15.902249574661255
109000
16.410279273986816
109100
15.916821718215942
109200
17.095864295959473
109300
16.082026481628418
109400
16.600942134857178
109500
15.999075651168823
109600
16.536498308181763
109700
16.081132888793945
109800
16.591014862060547
109900
16.257119178771973
110000
16.63357424736023
110100
16.199869871139526
110200
16.484199285507202
110300
15.99691891670227
110400
16.45129656791687
110500
16.062902688980103
110600
16.774478673934937
110700
16.272613525390625
110800
16.535135746002197
110900
16.076276779174805
111000
16.178322553634644
111100
16.670941591262817
111200
16.141583681106567
111300
16.539936780929565
111400
16.085509538650513
111500
16.393030166625977
111600
15.888367652893066
111700
16.42247247695923
111800
15.898214101791382
111900
16.423453092575073
112000
16.055545806884766
112100
16.46490502357483
112200
16.165964365005493
112300
16.568488121032715
112400
16.130388259887695
112500
16.40432572364807
112600
15.92859435081482
112700
15.88889741897583
112800
16.39111304283142
112900
15.906145572662354
113000
16.780994415283203
113100
15.963906288146973
113200
16.49842095375061
113300
15.958028793334961
113400
16.402880430221558
113500
15.924351215362549
113600
16.672818422317505
113700
15.952918529510498
113800
16.509860515594482
113900
16.102799654006958
114000
16.206217527389526
114100
16.735925674438477
114200
16.25135612487793
114300
16.78641438484192
114400
16.087011575698853
114500
16.589304447174072
114600
16.001711130142212
114700
16.58464765548706
114800
16.102396965026855
114900
16.803064346313477
115000
16.208857774734497
115100
16.350757837295532
115200
16.42639708518982
115300
15.894270420074463
115400
16.48552131652832
115500
15.942280769348145
115600
16.538873195648193
115700
15.942387819290161
115800
16.758166074752808
115900
16.141526460647583
116000
16.447985649108887
116100
16.05736017227173
116200
16.01787519454956
116300
16.513598680496216
116400
16.139609575271606
116500
16.731954336166382
116600
16.078714609146118
116700
16.476642847061157
116800
15.960045576095581
116900
16.487343549728394
117000
16.016648292541504
117100
16.651124715805054
117200
16.302148580551147
117300
16.026029586791992
117400
16.537636518478394
117500
16.032676458358765
117600
16.477659702301025
117700
16.195512771606445
117800
16.575507402420044
117900
15.91604995727539
118000
16.40792155265808
118100
15.900389671325684
118200
15.975898027420044
118300
16.41109323501587
118400
15.911616325378418
118500
16.78229832649231
118600
15.974299430847168
118700
16.442447900772095
118800
15.91210389137268
118900
16.41508173942566
119000
15.934126853942871
119100
15.921610832214355
119200
16.443475246429443
119300
15.962375164031982
119400
16.443612813949585
119500
16.028594732284546
119600
16.879886627197266
119700
15.912733793258667
119800
15.924765586853027
119900
16.43565559387207
120000
15.940335512161255
120100
16.341309070587158
120200
15.813043355941772
120300
16.361531496047974
120400
15.929090738296509
120500
16.480783939361572
120600
15.910243511199951
120700
15.947794914245605
120800
16.472912311553955
120900
16.088602781295776
121000
16.495017528533936
121100
16.032768726348877
121200
16.487114191055298
121300
15.961494445800781
121400
15.91248631477356
121500
16.44209575653076
121600
16.19368839263916
121700
16.574851036071777
121800
15.932032585144043
121900
16.476492166519165
122000
15.97200894355774
122100
16.58073115348816
122200
15.992796421051025
122300
16.216741800308228
122400
16.89682626724243
122500
16.11299180984497
122600
16.648752450942993
122700
16.30465078353882
122800
16.637365341186523
122900
16.195390224456787
123000
16.11365509033203
123100
16.586471557617188
123200
16.372116088867188
123300
16.74468421936035
123400
16.415740966796875
123500
16.182507038116455
123600
16.802517890930176
123700
16.24758744239807
123800
16.683942794799805
123900
16.264431476593018
124000
16.62207269668579
124100
16.051822900772095
124200
16.03275442123413
124300
16.743369102478027
124400
16.074909687042236
124500
16.622403621673584
124600
16.172420263290405
124700
16.80095100402832
124800
16.092556476593018
124900
16.03408193588257
125000
16.67596745491028
125100
15.816795825958252
125200
16.397675275802612
125300
15.872294187545776
125400
16.422560453414917
125500
16.023125410079956
125600
16.37649130821228
125700
16.532381296157837
125800
15.863574981689453
125900
16.429283380508423
126000
16.181884765625
126100
16.236565113067627
126200
16.51796054840088
126300
15.892086744308472
126400
16.43955421447754
126500
15.94972538948059
126600
16.430408716201782
126700
15.982969045639038
126800
16.115654230117798
126900
16.693411111831665
127000
15.95072317123413
127100
16.734973907470703
127200
16.098435878753662
127300
15.96961498260498
127400
16.59121084213257
127500
16.045630931854248
127600
16.579739093780518
127700
15.97636342048645
127800
16.53024983406067
127900
16.010716676712036
128000
16.088862895965576
128100
16.573078632354736
128200
16.473633289337158
128300
16.620856523513794
128400
16.115522623062134
128500
16.230890035629272
128600
16.634148597717285
128700
16.212294101715088
128800
16.689714670181274
128900
16.316287994384766
129000
16.000227451324463
129100
16.840930461883545
129200
15.987580299377441
129300
16.6031391620636
129400
16.043843746185303
129500
16.2632315158844
129600
16.757288932800293
129700
16.070138216018677
129800
16.64512586593628
129900
16.099265575408936
130000
16.090996265411377
130100
16.550618886947632
130200
16.134737491607666
130300
16.57811689376831
130400
16.041520833969116
130500
16.61934494972229
130600
16.034490823745728
130700
16.00688910484314
130800
16.682020664215088
130900
16.001155614852905
131000
16.59000301361084
131100
16.051855087280273
131200
15.992637872695923
131300
16.79573917388916
131400
16.078788995742798
131500
16.58732581138611
131600
16.02626943588257
131700
16.08506965637207
131800
16.58851408958435
131900
16.030658960342407
132000
16.965750694274902
132100
16.015737771987915
132200
15.985418319702148
132300
16.524126529693604
132400
16.06594944000244
132500
16.66446280479431
132600
16.173829317092896
132700
16.227221965789795
132800
16.714850425720215
132900
16.192183017730713
133000
16.733692407608032
133100
16.135074138641357
133200
16.093196868896484
133300
16.739915370941162
133400
16.04735827445984
133500
16.783808708190918
133600
16.072147130966187
133700
16.426085710525513
133800
16.708696603775024
133900
16.165088653564453
134000
16.1032235622406
134100
16.75056028366089
134200
16.17808508872986
134300
16.791236400604248
134400
16.14482069015503
134500
16.0642991065979
134600
16.798649787902832
134700
16.038703203201294
134800
16.575965881347656
134900
15.997125387191772
135000
16.140828609466553
135100
16.576228857040405
135200
16.02559471130371
135300
16.713653802871704
135400
15.994356155395508
135500
15.972789764404297
135600
16.515865087509155
135700
15.998629093170166
135800
17.01191020011902
135900
16.194740772247314
136000
16.109180688858032
136100
16.62298321723938
136200
15.995640754699707
136300
15.929358005523682
136400
16.777990341186523
136500
16.14683175086975
136600
16.67232918739319
136700
16.019525289535522
136800
15.98021936416626
136900
16.582805633544922
137000
15.9220290184021
137100
16.580760717391968
137200
16.150904893875122
137300
15.882992506027222
137400
16.600154161453247
137500
16.152428150177002
137600
16.02495837211609
137700
16.649689435958862
137800
16.05262017250061
137900
16.681652784347534
138000
16.092073678970337
138100
16.328882694244385
138200
17.088130474090576
138300
16.069685697555542
138400
16.741755962371826
138500
16.057960987091064
138600
15.925353050231934
138700
16.592430591583252
138800
16.32446599006653
138900
16.210346221923828
139000
16.6055850982666
139100
15.903416872024536
139200
16.643569231033325
139300
15.981798887252808
139400
16.22331404685974
139500
16.531874418258667
139600
15.915693759918213
139700
15.908452987670898
139800
16.641324281692505
139900
15.923995733261108
140000
16.61862325668335
140100
15.947440147399902
140200
15.953380346298218
140300
16.486442804336548
140400
15.916194915771484
140500
15.892703294754028
140600
16.480794668197632
140700
15.898876905441284
140800
16.49724841117859
140900
16.07437038421631
141000
15.908562183380127
141100
16.7890465259552
141200
16.00871205329895
141300
15.873592853546143
141400
16.56770396232605
141500
15.89083194732666
141600
16.760655879974365
141700
16.320563554763794
141800
15.89144229888916
141900
16.550050735473633
142000
15.904632329940796
142100
15.87246060371399
142200
16.546309232711792
142300
15.927252769470215
142400
16.606744289398193
142500
15.90385127067566
142600
16.147091388702393
142700
16.599694967269897
142800
15.908534526824951
142900
15.875432252883911
143000
16.547229766845703
143100
15.937731266021729
143200
16.5685133934021
143300
16.056107759475708
143400
15.920536041259766
143500
16.516441345214844
143600
15.910181045532227
143700
16.039756059646606
143800
16.558177709579468
143900
15.890194177627563
144000
16.15959644317627
144100
16.729694366455078
144200
16.050967693328857
144300
16.646443843841553
144400
15.9658203125
144500
15.947136163711548
144600
16.75160789489746
144700
16.0999858379364
144800
15.910253286361694
144900
16.56355595588684
145000
16.052908658981323
145100
15.957610368728638
145200
16.490402460098267
145300
16.12325620651245
145400
16.51806664466858
145500
15.826218366622925
145600
15.881779432296753
145700
16.679408311843872
145800
16.280603647232056
145900
15.850819826126099
146000
16.544162273406982
146100
15.870121240615845
146200
16.47773003578186
146300
15.87190055847168
146400
15.943013429641724
146500
16.43745708465576
146600
15.805650234222412
146700
15.886600732803345
146800
16.847415685653687
146900
15.978929042816162
147000
15.891273498535156
147100
16.66367745399475
147200
16.046145915985107
147300
16.049570322036743
147400
16.624059915542603
147500
15.980151653289795
147600
16.712430477142334
147700
16.087679862976074
147800
16.180875778198242
147900
16.87817931175232
148000
16.117920637130737
148100
16.089405059814453
148200
16.688514471054077
148300
16.075968027114868
148400
16.015259981155396
148500
16.625016450881958
148600
16.21504855155945
148700
16.031145572662354
148800
17.06004047393799
148900
16.39739441871643
149000
16.649008750915527
149100
16.07258367538452
149200
16.0259108543396
149300
16.70084571838379
149400
16.102270126342773
149500
16.08384418487549
149600
16.774388551712036
149700
16.052706241607666
149800
16.048316478729248
149900
16.873586177825928
150000
16.112285614013672
150100
15.960123300552368
150200
16.620583295822144
150300
15.980827808380127
150400
15.87621021270752
150500
16.456122636795044
150600
15.82044506072998
150700
16.44131565093994
150800
15.882667779922485
150900
16.35700511932373
151000
16.53400945663452
151100
15.884444236755371
151200
15.883097887039185
151300
16.602231740951538
151400
16.026439905166626
151500
15.929681301116943
151600
16.535662412643433
151700
15.867439270019531
151800
15.967154264450073
151900
16.69225001335144
152000
16.392059326171875
152100
16.04792809486389
152200
16.744185209274292
152300
16.371397972106934
152400
15.905840396881104
152500
16.570287466049194
152600
15.947113752365112
152700
16.58894968032837
152800
15.952691078186035
152900
15.97437047958374
153000
16.83622121810913
153100
16.025344371795654
153200
16.152953624725342
153300
16.791175842285156
153400
16.14296841621399
153500
16.003180503845215
153600
16.800501346588135
153700
16.2035129070282
153800
16.01555848121643
153900
16.648022890090942
154000
16.25243854522705
154100
16.011289834976196
154200
16.714897871017456
154300
16.0503990650177
154400
16.105254411697388
154500
16.79773759841919
154600
16.220064401626587
154700
16.27708864212036
154800
16.65326499938965
154900
15.927775621414185
155000
16.06972098350525
155100
16.64756679534912
155200
16.075342655181885
155300
15.965439081192017
155400
16.611095905303955
155500
15.925509452819824
155600
15.932867765426636
155700
16.89143204689026
155800
16.078258514404297
155900
16.680863857269287
156000
16.074363470077515
156100
16.01350426673889
156200
16.93022608757019
156300
16.0251522064209
156400
16.323473930358887
156500
16.78059148788452
156600
16.065669536590576
156700
16.026954412460327
156800
16.69199299812317
156900
16.021188735961914
157000
16.167677879333496
157100
16.680161714553833
157200
16.05834412574768
157300
16.05739736557007
157400
16.75466275215149
157500
16.09795570373535
157600
16.018314361572266
157700
16.733394145965576
157800
16.20950484275818
157900
16.12413239479065
158000
16.75262999534607
158100
16.083512783050537
158200
16.155109167099
158300
16.83002805709839
158400
16.0952570438385
158500
15.941390037536621
158600
16.59191393852234
158700
16.257889986038208
158800
16.071819305419922
158900
16.599096536636353
159000
15.891615390777588
159100
15.918672323226929
159200
16.711573600769043
159300
16.004831552505493
159400
16.03866147994995
159500
17.09656047821045
159600
16.065537214279175
159700
16.08488655090332
159800
16.761966705322266
159900
16.066534280776978
160000
16.0713312625885
160100
16.51524305343628
160200
16.157761096954346
160300
15.925600051879883
160400
16.699340105056763
160500
15.933045148849487
160600
15.935121059417725
160700
16.668853282928467
160800
16.163289308547974
160900
16.33836555480957
161000
16.675504207611084
161100
16.23465061187744
161200
16.102532148361206
161300
16.64719820022583
161400
16.020573139190674
161500
16.02252984046936
161600
16.665209531784058
161700
16.058112859725952
161800
15.982035160064697
161900
17.02282476425171
162000
16.081474781036377
162100
16.00890064239502
162200
16.682621955871582
162300
16.32432746887207
162400
16.075479984283447
162500
16.03756594657898
162600
16.900587558746338
162700
16.152815580368042
162800
16.02989149093628
162900
16.816712856292725
163000
16.230395317077637
163100
16.09337830543518
163200
16.741063117980957
163300
16.07465696334839
163400
16.148406505584717
163500
16.825457334518433
163600
16.057926416397095
163700
16.21079421043396
163800
16.807597398757935
163900
16.011346101760864
164000
16.000613927841187
164100
16.833436250686646
164200
16.1625714302063
164300
16.04486894607544
164400
16.932661771774292
164500
15.98575496673584
164600
15.9773850440979
164700
16.846456050872803
164800
16.05327534675598
164900
16.10201597213745
165000
16.845766067504883
165100
15.980189800262451
165200
16.04489278793335
165300
16.646503686904907
165400
16.2881760597229
165500
16.080445051193237
165600
16.777442932128906
165700
16.14279079437256
165800
16.145468711853027
165900
16.10344934463501
166000
16.775429248809814
166100
16.168845176696777
166200
15.993854999542236
166300
16.75294828414917
166400
16.010013818740845
166500
16.21784543991089
166600
16.716503143310547
166700
16.088132619857788
166800
16.307367086410522
166900
16.73804259300232
167000
16.061139583587646
167100
16.03298807144165
167200
16.75784730911255
167300
15.993529319763184
167400
15.964414119720459
167500
16.912281274795532
167600
16.0800998210907
167700
16.05205512046814
167800
16.998639345169067
167900
15.994266986846924
168000
15.984402418136597
168100
16.077902793884277
168200
16.799471139907837
168300
16.034390449523926
168400
16.031768321990967
168500
16.860782623291016
168600
15.997100591659546
168700
16.016164302825928
168800
16.962379693984985
168900
16.021564722061157
169000
15.975805282592773
169100
16.7697114944458
169200
16.073960542678833
169300
16.030622720718384
169400
16.76109290122986
169500
16.404113292694092
169600
16.178971767425537
169700
16.13266110420227
169800
16.763540983200073
169900
16.138128519058228
170000
16.13373565673828
170100
16.818751096725464
170200
16.1452374458313
170300
16.048636198043823
170400
16.83990168571472
170500
16.027368545532227
170600
16.11875557899475
170700
16.85030460357666
170800
16.14574885368347
170900
16.271244049072266
171000
16.716461896896362
171100
16.04158306121826
171200
16.178135633468628
171300
16.157649278640747
171400
16.976688623428345
171500
15.951669692993164
171600
15.984221696853638
171700
16.79281783103943
171800
15.989301919937134
171900
16.07213544845581
172000
17.12934112548828
172100
16.00027060508728
172200
16.023330450057983
172300
16.824102878570557
172400
16.147671222686768
172500
16.03488302230835
172600
16.034685611724854
172700
16.84558892250061
172800
16.094692707061768
172900
16.25386953353882
173000
17.297961473464966
173100
16.05163025856018
173200
16.023649215698242
173300
16.83294701576233
173400
15.96760630607605
173500
16.109026193618774
173600
16.825522899627686
173700
16.30573272705078
173800
16.08540439605713
173900
16.060487031936646
174000
17.06320881843567
174100
16.088053226470947
174200
16.04354166984558
174300
16.846739768981934
174400
15.993911504745483
174500
16.040695190429688
174600
16.954521656036377
174700
16.101521730422974
174800
16.118218898773193
174900
16.722917556762695
175000
16.266056776046753
175100
16.263277053833008
175200
16.148300647735596
175300
16.833423852920532
175400
16.00201153755188
175500
16.05829644203186
175600
16.860531330108643
175700
16.274399995803833
175800
16.112231969833374
175900
16.829193353652954
176000
16.154167890548706
176100
16.21554732322693
176200
16.040919303894043
176300
16.914588689804077
176400
16.03308391571045
176500
16.02490210533142
176600
16.86913537979126
176700
16.094802618026733
176800
16.089782238006592
176900
16.85919427871704
177000
16.153035640716553
177100
16.267399787902832
177200
16.08862066268921
177300
16.822461128234863
177400
16.003108739852905
177500
15.936610221862793
177600
16.825515508651733
177700
15.928604364395142
177800
15.906180143356323
177900
16.715027809143066
178000
15.961924314498901
178100
16.134252786636353
178200
16.14238667488098
178300
16.736574172973633
178400
15.908039569854736
178500
16.160077571868896
178600
16.621405124664307
178700
15.892522096633911
178800
15.97028398513794
178900
16.644207239151
179000
15.97190237045288
179100
15.950727939605713
179200
16.036060571670532
179300
16.647451400756836
179400
15.944137811660767
179500
16.02499556541443
179600
16.785465478897095
179700
16.05006766319275
179800
16.043965101242065
179900
16.015854597091675
180000
16.904683351516724
180100
15.996816396713257
180200
16.06255054473877
180300
16.752768754959106
180400
15.966816902160645
180500
15.955268144607544
180600
16.683470964431763
180700
15.966071128845215
180800
16.00639772415161
180900
16.156677961349487
181000
16.793303966522217
181100
16.06676697731018
181200
15.929347038269043
181300
16.884326219558716
181400
15.988923072814941
181500
15.926917552947998
181600
16.10534119606018
181700
16.81946873664856
181800
15.993589401245117
181900
16.02475333213806
182000
16.803067207336426
182100
16.02129578590393
182200
16.093119859695435
182300
17.146909713745117
182400
16.08161497116089
182500
16.06667470932007
182600
16.14194107055664
182700
16.99702286720276
182800
16.137229919433594
182900
16.1426899433136
183000
17.037351846694946
183100
16.11122441291809
183200
16.106554746627808
183300
16.100560665130615
183400
16.93601155281067
183500
16.104081392288208
183600
16.153650522232056
183700
16.740822315216064
183800
16.091432809829712
183900
15.972266674041748
184000
16.53896927833557
184100
16.915083408355713
184200
16.043761491775513
184300
16.037529468536377
184400
16.852229595184326
184500
16.031975746154785
184600
15.988365888595581
184700
16.246687173843384
184800
16.838629722595215
184900
16.178101539611816
185000
16.215100288391113
185100
16.591946363449097
185200
15.93700122833252
185300
15.922987699508667
185400
16.933324098587036
185500
15.833133935928345
185600
16.031563997268677
185700
16.147163152694702
185800
16.74224591255188
185900
15.995012760162354
186000
15.996577501296997
186100
17.134536504745483
186200
16.334267377853394
186300
16.17855191230774
186400
16.083826780319214
186500
16.692281007766724
186600
16.0250563621521
186700
15.897406816482544
186800
17.072559595108032
186900
16.077654123306274
187000
15.987655639648438
187100
16.031539916992188
187200
16.848271131515503
187300
16.1682870388031
187400
16.197649478912354
187500
17.104746341705322
187600
16.11111092567444
187700
16.094038248062134
187800
16.039941787719727
187900
16.878878831863403
188000
16.084746837615967
188100
16.286844491958618
188200
16.169963598251343
188300
16.965111255645752
188400
16.092071533203125
188500
16.001714944839478
188600
16.92839241027832
188700
16.144837141036987
188800
16.349495887756348
188900
16.03299903869629
189000
16.880648851394653
189100
16.0409836769104
189200
16.00133776664734
189300
16.882039308547974
189400
16.064281702041626
189500
16.43649697303772
189600
15.941808938980103
189700
16.90846562385559
189800
16.098499536514282
189900
16.043564558029175
190000
16.929816246032715
190100
16.00052046775818
190200
15.983250856399536
190300
15.908604145050049
190400
16.79512596130371
190500
16.11013650894165
190600
16.191798448562622
190700
16.683520078659058
190800
15.982574939727783
190900
16.13813018798828
191000
16.121297121047974
191100
16.881291151046753
191200
16.286756992340088
191300
16.192940950393677
191400
16.39848017692566
191500
16.958231449127197
191600
16.14768147468567
191700
16.023109912872314
191800
16.82160258293152
191900
16.286903858184814
192000
16.17050313949585
192100
16.084385633468628
192200
16.897543907165527
192300
16.27552103996277
192400
16.087926387786865
192500
16.933149099349976
192600
16.128065824508667
192700
16.060624837875366
192800
16.11772894859314
192900
16.960978507995605
193000
16.311858892440796
193100
16.158215045928955
193200
16.079697608947754
193300
16.939266681671143
193400
16.09218144416809
193500
16.18692636489868
193600
17.010966300964355
193700
16.029357433319092
193800
16.053775787353516
193900
16.15531587600708
194000
16.96962332725525
194100
16.059919595718384
194200
16.07714581489563
194300
16.119109392166138
194400
16.899178743362427
194500
16.05101203918457
194600
16.07665514945984
194700
16.83426547050476
194800
16.09392476081848
194900
16.070387840270996
195000
16.265372037887573
195100
16.899782419204712
195200
15.95024585723877
195300
15.979992866516113
195400
15.949658155441284
195500
16.76138663291931
195600
16.291590690612793
195700
16.077880859375
195800
16.86296248435974
195900
15.951264142990112
196000
15.945711612701416
196100
16.054461002349854
196200
16.9000506401062
196300
15.966835260391235
196400
16.073529720306396
196500
16.179710149765015
196600
16.996883630752563
196700
16.122094869613647
196800
16.020920038223267
196900
17.0125994682312
197000
16.13722538948059
197100
16.203779458999634
197200
16.098939180374146
197300
16.860668420791626
197400
16.243574380874634
197500
16.153066635131836
197600
16.0317485332489
197700
16.91277503967285
197800
16.072347402572632
197900
16.13533878326416
198000
16.950532913208008
198100
16.34971594810486
198200
16.274941444396973
198300
16.04445767402649
198400
16.92966103553772
198500
16.123291015625
198600
16.216596603393555
198700
16.069847583770752
198800
16.94874143600464
198900
16.121718406677246
199000
16.093878746032715
199100
16.208608627319336
199200
16.909261465072632
199300
15.994925737380981
199400
16.126723527908325
199500
17.01733708381653
199600
16.06281852722168
199700
16.113322973251343
199800
16.209858179092407
199900
16.91875386238098
200000
16.301844358444214
200100
16.137887477874756
200200
16.288859128952026
200300
17.00711441040039
200400
16.160284280776978
200500
15.991211891174316
200600
16.15338444709778
200700
16.95315957069397
200800
16.102720737457275
200900
15.97769546508789
201000
16.845094442367554
201100
15.998925924301147
201200
16.115928411483765
201300
16.029117584228516
201400
16.94993782043457
201500
16.127092599868774
201600
16.037185192108154
201700
16.13026523590088
201800
17.022025108337402
201900
16.09249711036682
202000
16.010220766067505
202100
16.06377077102661
202200
16.97539496421814
202300
16.333671808242798
202400
15.94988751411438
202500
16.02033829689026
202600
17.129508018493652
202700
16.103581428527832
202800
16.03799796104431
202900
16.958762884140015
203000
16.15472912788391
203100
16.177867889404297
203200
16.275733947753906
203300
17.206297636032104
203400
16.36282229423523
203500
16.275230884552002
203600
16.202099561691284
203700
17.112619400024414
203800
16.140450716018677
203900
16.061346769332886
204000
16.113928079605103
204100
17.053884029388428
204200
16.263221263885498
204300
16.31197214126587
204400
16.230420351028442
204500
17.05906891822815
204600
16.115946531295776
204700
16.116495609283447
204800
17.02743697166443
204900
16.17816925048828
205000
16.323185682296753
205100
16.124099731445312
205200
16.99342632293701
205300
16.15320873260498
205400
16.21315360069275
205500
16.162351369857788
205600
17.04784893989563
205700
16.13850426673889
205800
16.119503021240234
205900
16.17048478126526
206000
17.120870113372803
206100
16.63289451599121
206200
16.21903347969055
206300
16.338666200637817
206400
17.12144947052002
206500
16.23414421081543
206600
16.14434838294983
206700
16.24962067604065
206800
17.183263778686523
206900
16.206789016723633
207000
16.214655876159668
207100
16.142414808273315
207200
17.005377769470215
207300
16.128049850463867
207400
16.302343606948853
207500
17.01831555366516
207600
16.15388011932373
207700
16.291374683380127
207800
16.217066526412964
207900
17.099652767181396
208000
16.241451025009155
208100
16.47778606414795
208200
16.30244207382202
208300
16.996137380599976
208400
16.245426177978516
208500
16.11190128326416
208600
16.19009780883789
208700
17.112842798233032
208800
16.321047067642212
208900
16.268097400665283
209000
16.21515679359436
209100
17.028120517730713
209200
16.27914524078369
209300
