C3_lc.fits
229034
0
16.650140285491943
100
16.622955083847046
200
16.632508993148804
300
16.727844715118408
400
16.5115065574646
500
16.491610050201416
600
16.448243618011475
700
16.735692501068115
800
16.584168672561646
900
16.528421878814697
1000
16.408227682113647
1100
16.431777000427246
1200
16.613563776016235
1300
16.4859676361084
1400
16.534626960754395
1500
16.53370499610901
1600
16.316006183624268
1700
16.319875717163086
1800
16.64078426361084
1900
16.306777238845825
2000
16.311498641967773
2100
16.35321044921875
2200
16.38079524040222
2300
16.402547359466553
2400
16.4130916595459
2500
16.503475666046143
2600
16.337239503860474
2700
16.3591091632843
2800
16.34733819961548
2900
16.35042095184326
3000
16.462905168533325
3100
16.535035848617554
3200
16.38611674308777
3300
16.397545099258423
3400
16.538323402404785
3500
16.45812439918518
3600
16.418325424194336
3700
16.39728546142578
3800
16.590688943862915
3900
16.335151433944702
4000
16.472914934158325
4100
16.512558937072754
4200
16.419509887695312
4300
16.40818190574646
4400
16.311816692352295
4500
16.333051443099976
4600
16.338143587112427
4700
16.550352811813354
4800
16.522385120391846
4900
16.45374870300293
5000
16.21221089363098
5100
16.17272925376892
5200
16.194579124450684
5300
16.171589136123657
5400
16.32013988494873
5500
16.366639852523804
5600
16.195852518081665
5700
16.290586471557617
5800
16.135976552963257
5900
16.325650453567505
6000
16.189690589904785
6100
16.321048736572266
6200
16.2071795463562
6300
16.245443105697632
6400
16.518017053604126
6500
16.201266527175903
6600
16.241738319396973
6700
16.34819793701172
6800
16.21543860435486
6900
16.496015071868896
7000
16.268320322036743
7100
16.292702674865723
7200
16.293270111083984
7300
16.528937578201294
7400
16.339901447296143
7500
16.440297603607178
7600
16.467761039733887
7700
16.502444982528687
7800
16.34319567680359
7900
16.340809106826782
8000
16.319367170333862
8100
16.28929114341736
8200
16.339650869369507
8300
16.352370262145996
8400
16.388211488723755
8500
16.499347448349
8600
16.361498594284058
8700
16.472012042999268
8800
16.39275288581848
8900
16.46139430999756
9000
16.46378493309021
9100
16.423213481903076
9200
16.48629093170166
9300
16.618293523788452
9400
16.45682978630066
9500
16.438727617263794
9600
16.554192304611206
9700
16.459203958511353
9800
16.71963143348694
9900
16.501249313354492
10000
16.481271028518677
10100
16.42280864715576
10200
16.696882009506226
10300
16.607179880142212
10400
16.3843355178833
10500
16.721842765808105
10600
16.58642578125
10700
16.525627851486206
10800
16.468474626541138
10900
16.452670097351074
11000
16.502546548843384
11100
16.53027653694153
11200
16.641003131866455
11300
16.477480173110962
11400
16.446834564208984
11500
16.869706869125366
11600
16.515286684036255
11700
16.613532781600952
11800
16.486061811447144
11900
16.496983766555786
12000
16.756237745285034
12100
16.401419639587402
12200
16.51270842552185
12300
16.605496168136597
12400
16.410268306732178
12500
16.532148122787476
12600
16.56592035293579
12700
16.809686183929443
12800
16.606594800949097
12900
16.47799587249756
13000
16.66089367866516
13100
16.40547752380371
13200
16.44143009185791
13300
16.45421004295349
13400
16.47498846054077
13500
16.422820329666138
13600
16.558589696884155
13700
16.405858278274536
13800
16.430670022964478
13900
16.356739282608032
14000
16.47338628768921
14100
16.446951627731323
14200
16.644286394119263
14300
16.477938413619995
14400
16.66451144218445
14500
16.409095764160156
14600
16.4455509185791
14700
16.46744990348816
14800
16.49367642402649
14900
16.917619228363037
15000
16.410543203353882
15100
16.205318450927734
15200
16.255720138549805
15300
16.211623191833496
15400
16.27307415008545
15500
16.1485333442688
15600
16.44471526145935
15700
16.266926050186157
15800
16.560327291488647
15900
16.322362184524536
16000
16.51228928565979
16100
16.59045171737671
16200
16.614901065826416
16300
16.309892892837524
16400
16.629648208618164
16500
16.565365314483643
16600
16.612346172332764
16700
16.67608952522278
16800
16.557812929153442
16900
16.423564195632935
17000
16.61802077293396
17100
16.47418761253357
17200
16.58892321586609
17300
16.422600507736206
17400
16.34519910812378
17500
16.441603422164917
17600
16.33288812637329
17700
16.53306794166565
17800
16.449434995651245
17900
16.546047925949097
18000
16.34101915359497
18100
16.54859495162964
18200
16.74223804473877
18300
16.348488569259644
18400
16.660569190979004
18500
16.348947525024414
18600
16.350306272506714
18700
16.795645236968994
18800
16.384058952331543
18900
16.631149291992188
19000
16.490481853485107
19100
16.42648983001709
19200
16.515507459640503
19300
16.476179838180542
19400
16.493271827697754
19500
16.57091784477234
19600
16.49864387512207
19700
16.31653594970703
19800
16.439321756362915
19900
16.54893922805786
20000
16.82251787185669
20100
16.50206732749939
20200
16.644294500350952
20300
16.42418146133423
20400
16.66384983062744
20500
16.563726663589478
20600
16.465924501419067
20700
16.504798889160156
20800
16.45754909515381
20900
16.330414533615112
21000
16.404738426208496
21100
16.34047245979309
21200
16.38321614265442
21300
16.69997549057007
21400
16.434844255447388
21500
16.38053035736084
21600
16.343183755874634
21700
16.6195867061615
21800
16.35591149330139
21900
16.41045355796814
22000
16.255170583724976
22100
16.533323526382446
22200
16.67900061607361
22300
16.565136909484863
22400
16.436790227890015
22500
16.412427186965942
22600
16.63731861114502
22700
16.502017974853516
22800
16.47049880027771
22900
16.578409433364868
23000
16.478084802627563
23100
16.5143940448761
23200
16.494491577148438
23300
16.51748299598694
23400
16.49845600128174
23500
16.71397614479065
23600
16.41970992088318
23700
16.479288339614868
23800
16.598681449890137
23900
16.402145862579346
24000
16.710939168930054
24100
16.253129243850708
24200
16.541454792022705
24300
16.63256311416626
24400
16.504023790359497
24500
16.583042860031128
24600
16.772693395614624
24700
16.844370365142822
24800
16.600879669189453
24900
16.593350410461426
25000
16.45198154449463
25100
16.60724425315857
25200
16.374569416046143
25300
16.338118076324463
25400
16.306751012802124
25500
16.583500862121582
25600
16.570724964141846
25700
16.405773162841797
25800
16.626217126846313
25900
16.49901580810547
26000
16.67247176170349
26100
16.444079160690308
26200
16.523890495300293
26300
16.428303480148315
26400
16.44727659225464
26500
16.569634914398193
26600
16.536919832229614
26700
16.563207864761353
26800
16.502686500549316
26900
16.677297592163086
27000
16.72594666481018
27100
16.60967707633972
27200
16.521337270736694
27300
17.052274703979492
27400
16.50421667098999
27500
16.337088108062744
27600
16.67463731765747
27700
16.49653673171997
27800
16.61393690109253
27900
16.555370092391968
28000
16.740544080734253
28100
16.67925500869751
28200
16.375008821487427
28300
16.593693017959595
28400
16.469144821166992
28500
16.398260593414307
28600
16.577770471572876
28700
16.514853954315186
28800
16.44833993911743
28900
16.808157682418823
29000
16.47007441520691
29100
16.393458127975464
29200
16.552125453948975
29300
16.432923316955566
29400
16.51346230506897
29500
16.505642890930176
29600
16.47645139694214
29700
16.79538893699646
29800
16.543378353118896
29900
16.68119764328003
30000
16.507161140441895
30100
16.285533666610718
30200
16.596659898757935
30300
16.28524684906006
30400
16.49586534500122
30500
16.452422380447388
30600
16.428524017333984
30700
16.47236156463623
30800
16.14412236213684
30900
16.44332766532898
31000
16.466245412826538
31100
16.163056135177612
31200
16.492943048477173
31300
16.386611700057983
31400
16.44001054763794
31500
16.394582986831665
31600
16.526423692703247
31700
16.368627071380615
31800
16.567843198776245
31900
16.63429355621338
32000
16.434982299804688
32100
16.432166814804077
32200
16.586820602416992
32300
16.479084014892578
32400
16.88705015182495
32500
16.49532175064087
32600
16.81738519668579
32700
16.375788927078247
32800
16.69505286216736
32900
16.601951122283936
33000
16.58259916305542
33100
16.817635536193848
33200
16.77452254295349
33300
16.708903789520264
33400
16.59018850326538
33500
16.424206972122192
33600
16.394157648086548
33700
16.507953882217407
33800
16.349767684936523
33900
16.509241342544556
34000
16.47082805633545
34100
16.496269941329956
34200
16.426132917404175
34300
16.40619397163391
34400
16.445834398269653
34500
16.272571802139282
34600
16.47003149986267
34700
16.614940881729126
34800
16.42111849784851
34900
16.597137928009033
35000
16.392542362213135
35100
16.453550577163696
35200
16.169374704360962
35300
16.31216549873352
35400
16.343356132507324
35500
16.167262315750122
35600
16.215492725372314
35700
16.637847185134888
35800
16.35252594947815
35900
16.384315252304077
36000
16.450932502746582
36100
16.270617485046387
36200
16.539827585220337
36300
16.354630708694458
36400
16.40314817428589
36500
16.661126613616943
36600
16.445232391357422
36700
16.372187614440918
36800
16.631852865219116
36900
16.502849102020264
37000
16.543326139450073
37100
16.604885578155518
37200
16.593308448791504
37300
16.366286277770996
37400
16.562263011932373
37500
16.474766492843628
37600
16.372232913970947
37700
16.57674765586853
37800
16.44668197631836
37900
16.438949823379517
38000
16.36208724975586
38100
16.57466745376587
38200
16.523488998413086
38300
16.387826442718506
38400
16.578984260559082
38500
16.455974340438843
38600
16.42344331741333
38700
16.447914361953735
38800
16.556824445724487
38900
16.427623510360718
39000
16.321353435516357
39100
16.5410053730011
39200
16.65129327774048
39300
16.34046983718872
39400
16.314667224884033
39500
16.411603450775146
39600
16.461751461029053
39700
16.329355239868164
39800
16.374988794326782
39900
16.466490983963013
40000
16.413370370864868
40100
16.27375626564026
40200
16.31573176383972
40300
16.338648080825806
40400
16.36882734298706
40500
16.183370351791382
40600
16.195947647094727
40700
16.353721618652344
40800
16.707390546798706
40900
16.460448026657104
41000
16.304487943649292
41100
16.210801601409912
41200
16.38790011405945
41300
16.491544246673584
41400
16.340381145477295
41500
16.233681678771973
41600
16.529825925827026
41700
16.395453453063965
41800
16.39593768119812
41900
16.46461772918701
42000
16.336458921432495
42100
16.521683931350708
42200
16.381932973861694
42300
16.391000986099243
42400
16.8480007648468
42500
16.424076795578003
42600
16.554527282714844
42700
16.477481842041016
42800
16.286779642105103
42900
16.322606325149536
43000
16.520420789718628
43100
16.492908716201782
43200
16.355364084243774
43300
16.374370336532593
43400
16.418737649917603
43500
16.32301354408264
43600
16.543578386306763
43700
16.679638862609863
43800
16.40028214454651
43900
16.439573764801025
44000
16.408417224884033
44100
16.638479232788086
44200
16.58363175392151
44300
16.349665880203247
44400
16.64835524559021
44500
16.724037170410156
44600
16.4942569732666
44700
16.540079593658447
44800
16.490328788757324
44900
16.43890619277954
45000
16.546549320220947
45100
16.2975435256958
45200
16.31207513809204
45300
16.452343225479126
45400
16.621042490005493
45500
16.516534566879272
45600
16.631643056869507
45700
16.3238046169281
45800
16.327621459960938
45900
16.650368213653564
46000
16.394686460494995
46100
16.37709951400757
46200
16.324058294296265
46300
16.508308172225952
46400
16.338491201400757
46500
16.58770990371704
46600
16.417130708694458
46700
16.344384908676147
46800
16.539979219436646
46900
16.28288221359253
47000
16.52205204963684
47100
16.44295883178711
47200
16.99762535095215
47300
16.53650712966919
47400
16.5589280128479
47500
16.67353630065918
47600
16.446316719055176
47700
16.44369125366211
47800
16.603122234344482
47900
16.470488786697388
48000
16.77263331413269
48100
16.456852197647095
48200
16.67451572418213
48300
16.936073064804077
48400
16.601203203201294
48500
16.643007516860962
48600
16.515071153640747
48700
16.608758211135864
48800
16.949469327926636
48900
16.6430082321167
49000
16.585641622543335
49100
16.801870584487915
49200
16.540406227111816
49300
16.911322593688965
49400
16.679837465286255
49500
16.65396213531494
49600
16.66657781600952
49700
16.57633900642395
49800
16.678152084350586
49900
16.64218759536743
50000
16.8416428565979
50100
16.44463348388672
50200
16.370487928390503
50300
16.43543815612793
50400
16.35305428504944
50500
16.20252251625061
50600
16.250369548797607
50700
16.22209906578064
50800
16.26952838897705
50900
16.325589418411255
51000
16.556502103805542
51100
16.34171223640442
51200
16.355824947357178
51300
16.313997268676758
51400
16.28418517112732
51500
16.290239572525024
51600
16.28661274909973
51700
16.279578924179077
51800
16.62104082107544
51900
16.633363246917725
52000
16.381604194641113
52100
16.473565340042114
52200
16.632467031478882
52300
16.463889122009277
52400
16.241762161254883
52500
16.596238613128662
52600
16.616634845733643
52700
16.57784342765808
52800
16.768771409988403
52900
16.527323246002197
53000
16.543164014816284
53100
16.380749464035034
53200
16.478910446166992
53300
16.424651384353638
53400
16.39867401123047
53500
16.58501124382019
53600
16.401591062545776
53700
16.411952018737793
53800
16.52592945098877
53900
16.44954562187195
54000
16.507046222686768
54100
16.370318174362183
54200
16.120079040527344
54300
16.43377137184143
54400
16.750137090682983
54500
16.40926504135132
54600
16.807408332824707
54700
16.48291563987732
54800
16.479588747024536
54900
16.50125551223755
55000
16.459351301193237
55100
16.39252233505249
55200
16.42712688446045
55300
16.39207148551941
55400
16.393059730529785
55500
16.07922887802124
55600
16.604812622070312
55700
16.334118604660034
55800
16.488368034362793
55900
16.37228035926819
56000
16.491365432739258
56100
16.510666370391846
56200
16.46191644668579
56300
16.56945514678955
56400
16.39123845100403
56500
16.395329475402832
56600
16.234040021896362
56700
16.560083866119385
56800
16.61137318611145
56900
16.4522602558136
57000
16.604718923568726
57100
16.48740863800049
57200
16.94877862930298
57300
16.513546466827393
57400
16.716202974319458
57500
16.29777479171753
57600
16.657199382781982
57700
16.87252926826477
57800
16.45085120201111
57900
16.537052392959595
58000
16.79550838470459
58100
16.537641286849976
58200
16.653608560562134
58300
16.2717182636261
58400
16.4894757270813
58500
16.500922679901123
58600
16.76853656768799
58700
16.558472394943237
58800
16.5406711101532
58900
16.484320640563965
59000
16.558561325073242
59100
16.22060990333557
59200
16.601917505264282
59300
16.68881106376648
59400
16.571027755737305
59500
16.894789218902588
59600
16.526229858398438
59700
16.230608224868774
59800
16.48453116416931
59900
16.602939128875732
60000
16.660056829452515
60100
16.458804845809937
60200
16.619997024536133
60300
16.560360431671143
60400
16.01192569732666
60500
16.398611068725586
60600
16.46461272239685
60700
16.52981972694397
60800
16.42683434486389
60900
16.54788088798523
61000
16.516993045806885
61100
16.212425231933594
61200
16.68625044822693
61300
16.465495347976685
61400
16.346025228500366
61500
16.528791666030884
61600
16.49442458152771
61700
16.43682289123535
61800
16.514970302581787
61900
16.501782417297363
62000
16.43480086326599
62100
16.62503480911255
62200
16.189339876174927
62300
16.58920931816101
62400
16.637953519821167
62500
16.606691598892212
62600
16.619727849960327
62700
16.41249108314514
62800
16.08474588394165
62900
16.452934980392456
63000
16.465489149093628
63100
16.787955045700073
63200
16.55398178100586
63300
16.32924747467041
63400
16.453582048416138
63500
16.427933931350708
63600
16.776326179504395
63700
16.544103860855103
63800
16.255738019943237
63900
16.529479026794434
64000
16.5125732421875
64100
16.751352310180664
64200
16.384735584259033
64300
16.341147422790527
64400
16.439881086349487
64500
16.482937812805176
64600
16.612398862838745
64700
16.52294659614563
64800
16.112109184265137
64900
16.727277755737305
65000
16.694072484970093
65100
16.37789297103882
65200
16.13690423965454
65300
16.448524236679077
65400
16.521188020706177
65500
16.396894454956055
65600
16.518192768096924
65700
16.180673599243164
65800
16.345149278640747
65900
16.42543649673462
66000
16.428808212280273
66100
16.36439800262451
66200
16.28210711479187
66300
16.72287368774414
66400
16.58266043663025
66500
16.441420793533325
66600
16.37936282157898
66700
16.509479999542236
66800
16.69113254547119
66900
16.54071044921875
67000
16.465871572494507
67100
16.52764105796814
67200
16.52680730819702
67300
17.0793137550354
67400
16.61368751525879
67500
16.397180557250977
67600
16.861567735671997
67700
16.60915231704712
67800
16.56805181503296
67900
16.392935514450073
68000
16.59524655342102
68100
16.569032192230225
68200
16.550373792648315
68300
16.1562716960907
68400
16.905757427215576
68500
16.585870027542114
68600
16.864983797073364
68700
16.33636474609375
68800
16.67612600326538
68900
16.579718351364136
69000
16.485857486724854
69100
16.213758945465088
69200
16.76313829421997
69300
16.53328800201416
69400
16.242788553237915
69500
16.542192220687866
69600
16.467376232147217
69700
16.84398078918457
69800
16.090916633605957
69900
16.479975938796997
70000
16.715829372406006
70100
16.430925369262695
70200
16.281723022460938
70300
16.54446506500244
70400
16.707103729248047
70500
16.48508310317993
70600
16.11289691925049
70700
16.49358892440796
70800
16.4511296749115
70900
16.245022296905518
71000
16.497695922851562
71100
16.595673084259033
71200
16.427053451538086
71300
16.19691824913025
71400
16.716103315353394
71500
16.352462768554688
71600
16.280406951904297
71700
16.193723678588867
71800
16.422921895980835
71900
16.613306760787964
72000
16.16081714630127
72100
16.586907148361206
72200
16.462192058563232
72300
16.565854787826538
72400
16.262135982513428
72500
16.438547372817993
72600
16.856866121292114
72700
16.208564043045044
72800
16.495891332626343
72900
16.585391759872437
73000
16.821272373199463
73100
16.399811506271362
73200
16.599637985229492
73300
16.72532296180725
73400
16.435871362686157
73500
16.749785661697388
73600
16.762237071990967
73700
16.54028820991516
73800
16.6453218460083
73900
16.770774364471436
74000
16.579956769943237
74100
16.38293170928955
74200
16.94051766395569
74300
16.67643713951111
74400
16.40307068824768
74500
16.519405841827393
74600
16.5420560836792
74700
16.39996361732483
74800
16.756317853927612
74900
16.71445393562317
75000
16.275150537490845
75100
16.484201431274414
75200
16.436604976654053
75300
16.07848286628723
75400
16.442413806915283
75500
16.716623783111572
75600
16.399251222610474
75700
16.118480920791626
75800
16.56753182411194
75900
16.52648639678955
76000
16.02770471572876
76100
16.479305505752563
76200
16.469982385635376
76300
16.055479764938354
76400
16.475313901901245
76500
16.865185499191284
76600
16.370380878448486
76700
16.636833906173706
76800
16.652968406677246
76900
16.193718671798706
77000
16.876068115234375
77100
16.597450733184814
77200
16.1969096660614
77300
16.55784511566162
77400
16.638696670532227
77500
16.30446147918701
77600
16.560816287994385
77700
16.769973516464233
77800
16.163641929626465
77900
16.642680883407593
78000
16.562365770339966
78100
16.162930965423584
78200
16.52003026008606
78300
16.43577551841736
78400
16.07131314277649
78500
16.60355806350708
78600
16.85813856124878
78700
16.262989044189453
78800
16.541157960891724
78900
16.532535552978516
79000
16.376711130142212
79100
16.42896318435669
79200
16.486114978790283
79300
16.22013235092163
79400
16.751915454864502
79500
16.186160802841187
79600
16.583171367645264
79700
16.516583681106567
79800
16.205605268478394
79900
16.940335035324097
80000
16.572967767715454
80100
16.229002237319946
80200
16.799754858016968
80300
16.42308235168457
80400
16.07417607307434
80500
16.43866229057312
80600
16.732306241989136
80700
16.17469620704651
80800
16.51681637763977
80900
16.49838089942932
81000
16.06262469291687
81100
16.466486930847168
81200
16.096269845962524
81300
16.62226915359497
81400
16.51028871536255
81500
16.16522979736328
81600
16.69905376434326
81700
16.682145357131958
81800
16.096367120742798
81900
16.52181601524353
82000
16.461977005004883
82100
16.304408311843872
82200
16.424437999725342
82300
16.224188089370728
82400
16.53687310218811
82500
16.46217107772827
82600
16.15402317047119
82700
16.5381121635437
82800
16.693130254745483
82900
16.24319815635681
83000
16.421422719955444
83100
16.2007839679718
83200
16.739929676055908
83300
16.590106964111328
83400
16.51497483253479
83500
16.625130891799927
83600
16.494545459747314
83700
16.443078756332397
83800
16.517427682876587
83900
16.158035278320312
84000
16.738022804260254
84100
16.683480501174927
84200
16.20085048675537
84300
16.803557634353638
84400
16.34933090209961
84500
17.007511138916016
84600
16.724087715148926
84700
16.319700956344604
84800
16.769731521606445
84900
16.775602102279663
85000
16.629190683364868
85100
16.64728355407715
85200
16.19005250930786
85300
16.630402088165283
85400
16.469024658203125
85500
16.333181142807007
85600
16.535290479660034
85700
16.149399757385254
85800
16.72221565246582
85900
16.414605379104614
86000
16.078059911727905
86100
16.456732273101807
86200
16.033408403396606
86300
16.57706332206726
86400
16.450059175491333
86500
16.070642709732056
86600
16.5671443939209
86700
16.14245343208313
86800
16.730836391448975
86900
16.6079580783844
87000
16.292865991592407
87100
16.643700122833252
87200
16.34224510192871
87300
16.624820947647095
87400
16.61990213394165
87500
16.33323335647583
87600
16.715217351913452
87700
16.178292989730835
87800
16.73313570022583
87900
16.56419539451599
88000
16.17913055419922
88100
16.523922443389893
88200
16.24700355529785
88300
16.749356508255005
88400
16.84143567085266
88500
16.21664261817932
88600
16.652414083480835
88700
16.13027548789978
88800
16.655974626541138
88900
16.19406533241272
89000
16.763245820999146
89100
16.53983449935913
89200
16.391870737075806
89300
16.628066301345825
89400
16.327547073364258
89500
16.80668830871582
89600
16.61710262298584
89700
16.316245794296265
89800
16.72703504562378
89900
16.18213701248169
90000
16.54700016975403
90100
16.015692234039307
90200
16.51384735107422
90300
16.366780519485474
90400
16.00880527496338
90500
16.564691305160522
90600
15.987550973892212
90700
16.388397216796875
90800
16.04806637763977
90900
16.443384170532227
91000
16.40978217124939
91100
16.168129444122314
91200
16.49531054496765
91300
16.00746726989746
91400
16.604976177215576
91500
16.049280643463135
91600
16.522692918777466
91700
16.455239295959473
91800
16.18102765083313
91900
16.468505144119263
92000
16.08353877067566
92100
16.53988528251648
92200
16.31244707107544
92300
16.571832180023193
92400
16.52138924598694
92500
16.173643589019775
92600
16.503555297851562
92700
16.320836782455444
92800
16.5573308467865
92900
16.079921007156372
93000
16.48898148536682
93100
16.28585433959961
93200
16.527933835983276
93300
16.639694213867188
93400
16.35488796234131
93500
16.511972188949585
93600
16.069395542144775
93700
16.61577606201172
93800
16.215559005737305
93900
16.64344549179077
94000
16.32786202430725
94100
16.529052019119263
94200
16.593892335891724
94300
16.103555917739868
94400
16.731650590896606
94500
16.10653281211853
94600
16.49075150489807
94700
16.228790521621704
94800
16.54012155532837
94900
16.496177196502686
95000
16.65111231803894
95100
16.45471167564392
95200
16.094615697860718
95300
16.51468801498413
95400
16.288307428359985
95500
16.5826473236084
95600
16.382011890411377
95700
16.482962131500244
95800
16.01795268058777
95900
16.459633350372314
96000
16.07918357849121
96100
16.466373443603516
96200
16.53223752975464
96300
16.162724494934082
96400
16.67522621154785
96500
16.381684064865112
96600
16.739593029022217
96700
16.165299654006958
96800
16.730165243148804
96900
16.36215353012085
97000
16.594646453857422
97100
16.316019773483276
97200
16.62604570388794
97300
16.425713062286377
97400
16.73533606529236
97500
16.56490659713745
97600
16.162536144256592
97700
16.853571891784668
97800
16.457379579544067
97900
16.71455717086792
98000
16.253535509109497
98100
16.637346029281616
98200
16.229126930236816
98300
16.613259077072144
98400
16.22602415084839
98500
16.822901010513306
98600
16.313451766967773
98700
16.866886138916016
98800
16.31053614616394
98900
16.61342167854309
99000
16.68310236930847
99100
16.29604721069336
99200
16.668891429901123
99300
16.14497208595276
99400
16.729668140411377
99500
16.329984664916992
99600
16.697378635406494
99700
16.232155561447144
99800
16.828718662261963
99900
16.258233308792114
100000
16.78300976753235
100100
16.270713329315186
100200
16.49265718460083
100300
16.040886402130127
100400
16.52460813522339
100500
16.14269757270813
100600
16.661091089248657
100700
16.352126359939575
100800
16.762398958206177
100900
16.249587774276733
101000
16.738999605178833
101100
16.148118495941162
101200
16.62623143196106
101300
16.68573236465454
101400
16.187241077423096
101500
17.086133003234863
101600
16.49445128440857
101700
16.776577711105347
101800
16.301730394363403
101900
16.614422082901
102000
16.245023012161255
102100
16.677623987197876
102200
16.27821707725525
102300
16.510995864868164
102400
16.292102098464966
102500
16.575833797454834
102600
16.119322776794434
102700
16.668376684188843
102800
16.18934202194214
102900
16.734320640563965
103000
16.081958532333374
103100
16.8635094165802
103200
16.354997873306274
103300
16.571279287338257
103400
16.15125560760498
103500
16.730425357818604
103600
16.482607126235962
103700
16.671020984649658
103800
16.10791301727295
103900
16.769418954849243
104000
16.09114646911621
104100
16.807130336761475
104200
16.294983863830566
104300
16.777344465255737
104400
16.13918924331665
104500
16.803775310516357
104600
16.385019063949585
104700
16.614084243774414
104800
16.23436164855957
104900
16.71131157875061
105000
16.248624324798584
105100
16.809040546417236
105200
16.19368600845337
105300
16.70353388786316
105400
16.265161991119385
105500
16.689765453338623
105600
16.211296558380127
105700
16.709850311279297
105800
16.382497549057007
105900
16.657207250595093
106000
16.24411416053772
106100
16.55025553703308
106200
16.084800720214844
106300
16.517770528793335
106400
16.09552025794983
106500
16.54976201057434
106600
16.383955240249634
106700
16.751190423965454
106800
16.159213542938232
106900
16.646076202392578
107000
16.026744604110718
107100
16.828099727630615
107200
16.145349740982056
107300
17.019826650619507
107400
16.334815502166748
107500
16.97606348991394
107600
16.294250965118408
107700
16.714828968048096
107800
16.311694622039795
107900
16.765698671340942
108000
16.771499395370483
108100
17.051151275634766
108200
16.285340309143066
108300
16.196122884750366
108400
16.739338159561157
108500
16.225669145584106
108600
16.87538242340088
108700
16.455347537994385
108800
17.04179072380066
108900
16.18911600112915
109000
16.713221549987793
109100
16.169835567474365
109200
16.784239768981934
109300
16.25713300704956
109400
16.694692134857178
109500
16.336557149887085
109600
16.74208641052246
109700
16.346107721328735
109800
16.780327796936035
109900
16.352681636810303
110000
16.806516885757446
110100
16.08732795715332
110200
16.64615774154663
110300
16.006234407424927
110400
16.560952186584473
110500
15.956420660018921
110600
15.991423606872559
110700
16.444098711013794
110800
15.99574327468872
110900
16.782172441482544
111000
16.35727858543396
111100
16.65396022796631
111200
16.254982471466064
111300
16.77522850036621
111400
16.249495267868042
111500
16.655821323394775
111600
16.308534622192383
111700
16.69768214225769
111800
16.437769412994385
111900
16.68285036087036
112000
16.23017430305481
112100
16.8202486038208
112200
16.23153567314148
112300
16.26552987098694
112400
16.67482042312622
112500
16.308027744293213
112600
17.027608156204224
112700
16.417295932769775
112800
16.776251316070557
112900
16.365475177764893
113000
16.930007457733154
113100
16.498109340667725
113200
16.718015432357788
113300
16.240676641464233
113400
16.77121067047119
113500
16.207870483398438
113600
16.79802680015564
113700
16.22975516319275
113800
16.43047308921814
113900
16.932333946228027
114000
16.21417760848999
114100
16.807618379592896
114200
16.312840461730957
114300
16.82271647453308
114400
16.32561206817627
114500
16.87623357772827
114600
16.256083726882935
114700
16.88442897796631
114800
16.39043378829956
114900
16.440945148468018
115000
16.747731685638428
115100
16.092771768569946
115200
16.764967441558838
115300
16.302369117736816
115400
16.699174880981445
115500
16.160430431365967
115600
16.60329031944275
115700
16.190059423446655
115800
16.816858768463135
115900
16.36270546913147
116000
16.809407234191895
116100
16.34971022605896
116200
16.253612995147705
116300
16.585110187530518
116400
16.208279848098755
116500
16.712759017944336
116600
16.35765051841736
116700
16.759446620941162
116800
16.503055572509766
116900
16.810159921646118
117000
16.138049364089966
117100
16.41808247566223
117200
16.71603798866272
117300
16.231872081756592
117400
16.625752449035645
117500
16.28127670288086
117600
16.74569082260132
117700
16.479739665985107
117800
17.04476308822632
117900
16.283053159713745
118000
16.43593120574951
118100
16.860599040985107
118200
16.375219106674194
118300
16.907642602920532
118400
16.230939626693726
118500
16.771462202072144
118600
16.447668075561523
118700
16.641467094421387
118800
16.194154262542725
118900
16.2932231426239
119000
16.785763263702393
119100
16.34819531440735
119200
16.811753034591675
119300
16.24081802368164
119400
16.718361377716064
119500
16.524303197860718
119600
16.8425395488739
119700
16.213148832321167
119800
16.287779331207275
119900
16.723959922790527
120000
16.22521209716797
120100
16.595605850219727
120200
16.316812992095947
120300
16.565868139266968
120400
16.121562719345093
120500
16.10742163658142
120600
16.750706672668457
120700
16.16119885444641
120800
16.598653554916382
120900
16.170682907104492
121000
16.73949694633484
121100
16.29250168800354
121200
16.74550223350525
121300
16.114147663116455
121400
16.045934677124023
121500
16.63490891456604
121600
16.136639833450317
121700
16.727109909057617
121800
16.287633419036865
121900
16.81257700920105
122000
16.37222981452942
122100
16.312004804611206
122200
16.73143172264099
122300
16.325796842575073
122400
16.704365015029907
122500
16.15607190132141
122600
16.819828748703003
122700
16.34001350402832
122800
16.443009614944458
122900
16.768798828125
123000
16.13893222808838
123100
16.82034182548523
123200
16.17104411125183
123300
16.80063033103943
123400
16.200990676879883
123500
16.266621112823486
123600
16.789323568344116
123700
16.281426429748535
123800
16.61819338798523
123900
16.08318543434143
124000
16.621649980545044
124100
16.19378685951233
124200
16.09265446662903
124300
17.016581296920776
124400
16.028971195220947
124500
16.68159556388855
124600
16.365628957748413
124700
16.629504203796387
124800
16.13277816772461
124900
16.15395188331604
125000
16.80322003364563
125100
15.996368885040283
125200
16.501657247543335
125300
16.14134907722473
125400
16.014806270599365
125500
16.54321312904358
125600
16.296680688858032
125700
16.51685905456543
125800
16.09653925895691
125900
16.504586219787598
126000
15.981194496154785
126100
15.969531536102295
126200
16.60840106010437
126300
16.098880290985107
126400
16.55278515815735
126500
16.041152000427246
126600
15.985310792922974
126700
16.55118703842163
126800
15.984949827194214
126900
16.59836769104004
127000
16.137887716293335
127100
16.66670870780945
127200
16.342787504196167
127300
16.182798624038696
127400
16.94038963317871
127500
16.19258999824524
127600
16.76706051826477
127700
16.15403914451599
127800
16.277596950531006
127900
16.91397213935852
128000
16.200631856918335
128100
16.68151092529297
128200
16.135157108306885
128300
16.876621961593628
128400
16.17743492126465
128500
16.275944232940674
128600
16.723970651626587
128700
16.0981285572052
128800
17.284937620162964
128900
16.191939115524292
129000
16.243860244750977
129100
16.80998182296753
129200
16.082635402679443
129300
16.679309844970703
129400
16.332966566085815
129500
16.384633779525757
129600
16.75631809234619
129700
16.492009162902832
129800
16.72179627418518
129900
16.174199104309082
130000
16.36074948310852
130100
16.721638202667236
130200
16.089409828186035
130300
16.69154644012451
130400
16.24451184272766
130500
16.15417218208313
130600
16.6474187374115
130700
16.200136423110962
130800
16.69484543800354
130900
16.240646362304688
131000
16.074127674102783
131100
16.761186838150024
131200
16.232099056243896
131300
16.86404275894165
131400
16.326653480529785
131500
16.748013496398926
131600
16.28148627281189
131700
16.211902141571045
131800
16.882413148880005
131900
16.190027713775635
132000
16.80746626853943
132100
16.239156007766724
132200
16.282617330551147
132300
16.95035672187805
132400
16.222506284713745
132500
16.794129133224487
132600
16.40645456314087
132700
16.242634773254395
132800
16.88250231742859
132900
16.22308111190796
133000
16.27795720100403
133100
16.6663236618042
133200
16.115294933319092
133300
16.698993921279907
133400
16.108415603637695
133500
16.2367947101593
133600
16.670040369033813
133700
16.06734347343445
133800
16.611754894256592
133900
16.337594032287598
134000
16.064289569854736
134100
16.704463243484497
134200
16.087304830551147
134300
16.994513511657715
134400
16.327105283737183
134500
16.26896023750305
134600
16.98616075515747
134700
16.297730207443237
134800
17.006072759628296
134900
16.24843120574951
135000
16.361438512802124
135100
16.76104712486267
135200
16.12593936920166
135300
16.77141523361206
135400
16.098615646362305
135500
16.120816946029663
135600
17.05453610420227
135700
16.19848084449768
135800
16.29968547821045
135900
16.71297860145569
136000
16.079968452453613
136100
16.629988431930542
136200
16.077885150909424
136300
16.066417455673218
136400
16.613555431365967
136500
16.38694167137146
136600
16.748289585113525
136700
16.343915462493896
136800
16.062737703323364
136900
16.808268070220947
137000
16.31496787071228
137100
16.767824411392212
137200
16.176684141159058
137300
16.301666498184204
137400
16.94048500061035
137500
16.291438341140747
137600
16.372989177703857
137700
16.85640835762024
137800
16.313132286071777
137900
16.7916738986969
138000
16.31570529937744
138100
16.32240605354309
138200
16.796999216079712
138300
16.210843086242676
138400
16.195896863937378
138500
16.840528964996338
138600
16.294321298599243
138700
16.89106011390686
138800
16.198680639266968
138900
16.244163513183594
139000
16.952080488204956
139100
16.1782283782959
139200
16.915578365325928
139300
16.302481412887573
139400
16.492401838302612
139500
16.98375415802002
139600
16.403655290603638
139700
16.348446130752563
139800
17.04799222946167
139900
16.4123055934906
140000
17.01509928703308
140100
16.16042709350586
140200
16.167479038238525
140300
16.934882402420044
140400
16.15584897994995
140500
16.249969005584717
140600
16.866649389266968
140700
16.24590253829956
140800
16.85764503479004
140900
16.164705753326416
141000
16.119441509246826
141100
16.79610776901245
141200
16.19294762611389
141300
16.187896966934204
141400
16.709871292114258
141500
16.272843599319458
141600
17.01737689971924
141700
16.148844957351685
141800
16.121907234191895
141900
16.773550987243652
142000
16.283092498779297
142100
16.218414068222046
142200
16.922571659088135
142300
16.105857610702515
142400
16.978416919708252
142500
16.151176691055298
142600
16.339245319366455
142700
16.844112157821655
142800
16.27726149559021
142900
16.43990445137024
143000
16.723912715911865
143100
16.22183322906494
143200
16.8421413898468
143300
16.16950798034668
143400
16.11404824256897
143500
16.884173154830933
143600
16.33744716644287
143700
16.274311065673828
143800
17.045432329177856
143900
16.181349754333496
144000
16.2509503364563
144100
16.733919858932495
144200
16.17058300971985
144300
16.831943035125732
144400
16.242526054382324
144500
16.133888959884644
144600
16.737081289291382
144700
16.32605481147766
144800
16.173121452331543
144900
16.844375133514404
145000
16.224164724349976
145100
16.097325801849365
145200
16.84589958190918
145300
16.12262225151062
145400
17.228103637695312
145500
16.211195945739746
145600
16.02115750312805
145700
16.99579644203186
145800
16.239879369735718
145900
16.285104990005493
146000
16.744311809539795
146100
16.188174724578857
146200
16.186365365982056
146300
17.04790735244751
146400
16.164903163909912
146500
16.868801832199097
146600
16.258829593658447
146700
16.263131141662598
146800
17.113597631454468
146900
16.23131775856018
147000
16.304752826690674
147100
16.819915533065796
147200
16.18191909790039
147300
16.35485315322876
147400
16.800424575805664
147500
16.367828845977783
147600
17.099833488464355
147700
16.348973035812378
147800
16.48230528831482
147900
16.860100746154785
148000
16.246565341949463
148100
16.268309354782104
148200
16.747849464416504
148300
16.477298736572266
148400
16.151912212371826
148500
16.78949737548828
148600
16.250020742416382
148700
16.259371280670166
148800
16.838387727737427
148900
16.104379653930664
149000
17.091317176818848
149100
16.328254461288452
149200
16.383076906204224
149300
16.891992807388306
149400
16.229034423828125
149500
16.2545747756958
149600
16.911922693252563
149700
16.377046585083008
149800
16.374293088912964
149900
16.90383744239807
150000
16.24830961227417
150100
16.207239151000977
150200
16.851786136627197
150300
16.177412033081055
150400
16.320335388183594
150500
17.227810859680176
150600
16.24960446357727
150700
17.046616792678833
150800
16.382081270217896
150900
16.223782062530518
151000
16.905086994171143
151100
16.192149877548218
151200
16.25466275215149
151300
16.83025574684143
151400
16.40805697441101
151500
16.409544944763184
151600
16.909660577774048
151700
16.348803997039795
151800
16.282909631729126
151900
16.714260816574097
152000
16.14343786239624
152100
16.300302028656006
152200
16.782329320907593
152300
16.104240894317627
152400
16.10163426399231
152500
16.84537625312805
152600
16.17188787460327
152700
16.327715396881104
152800
16.903523683547974
152900
16.09926199913025
153000
16.989056825637817
153100
16.23331332206726
153200
16.401684284210205
153300
16.960697174072266
153400
16.397409915924072
153500
16.254122734069824
153600
16.858453035354614
153700
16.225066423416138
153800
16.319288969039917
153900
16.91195774078369
154000
16.302375078201294
154100
16.226861715316772
154200
16.825504779815674
154300
16.416362285614014
154400
16.14221429824829
154500
16.892557621002197
154600
16.204641580581665
154700
16.438706636428833
154800
16.973676919937134
154900
16.516965627670288
155000
16.278228044509888
155100
16.778114080429077
155200
16.153260707855225
155300
16.18344259262085
155400
16.779022693634033
155500
16.652573585510254
155600
16.401213884353638
155700
16.84220838546753
155800
16.05437421798706
155900
16.0904278755188
156000
17.1210298538208
156100
16.121296644210815
156200
16.270691871643066
156300
17.01988124847412
156400
16.352386474609375
156500
17.153489589691162
156600
16.1615092754364
156700
16.260550022125244
156800
16.836164712905884
156900
16.304011821746826
157000
16.358726978302002
157100
16.90882420539856
157200
16.41647958755493
157300
16.293621301651
157400
17.108320474624634
157500
16.31031823158264
157600
16.22664999961853
157700
16.9768545627594
157800
16.230889797210693
157900
16.292518377304077
158000
16.907179832458496
158100
16.43601417541504
158200
16.494242191314697
158300
17.031518936157227
158400
16.460949420928955
158500
16.301504611968994
158600
17.036802291870117
158700
16.326394081115723
158800
16.214722871780396
158900
16.93803095817566
159000
16.56317400932312
159100
16.374998331069946
159200
16.88216781616211
159300
16.32286787033081
159400
16.191863536834717
159500
16.97514295578003
159600
16.171818017959595
159700
16.226556301116943
159800
17.085885524749756
159900
16.33803677558899
160000
16.355777740478516
160100
16.940176010131836
160200
16.36465287208557
160300
16.417658805847168
160400
16.82389760017395
160500
16.222140312194824
160600
16.274545431137085
160700
16.89116334915161
160800
16.313608407974243
160900
16.267005681991577
161000
16.957821369171143
161100
16.180156469345093
161200
16.163639307022095
161300
16.868369340896606
161400
16.243227243423462
161500
16.113683223724365
161600
16.984166145324707
161700
16.118255138397217
161800
16.23580837249756
161900
16.21983027458191
162000
16.982009887695312
162100
16.17191243171692
162200
16.104348182678223
162300
16.817813634872437
162400
16.155205249786377
162500
16.340805053710938
162600
16.919540882110596
162700
16.184354543685913
162800
16.212260484695435
162900
16.92603063583374
163000
16.116121530532837
163100
16.1705105304718
163200
16.92598795890808
163300
16.30448603630066
163400
16.168517589569092
163500
17.162580728530884
163600
16.158048629760742
163700
16.283457279205322
163800
16.996824979782104
163900
16.31423544883728
164000
16.196948766708374
164100
17.244781017303467
164200
16.21983790397644
164300
16.32741951942444
164400
16.90808939933777
164500
16.301608324050903
164600
16.487695932388306
164700
16.999468564987183
164800
16.328528881072998
164900
16.322773933410645
165000
16.98370599746704
165100
16.12266206741333
165200
16.11864924430847
165300
16.751211166381836
165400
16.343376874923706
165500
16.12988257408142
165600
16.15344762802124
165700
16.839189052581787
165800
16.15663719177246
165900
16.35563015937805
166000
16.902082920074463
166100
16.303029775619507
166200
16.448640823364258
166300
17.098429441452026
166400
16.196115493774414
166500
16.2441828250885
166600
16.886414289474487
166700
16.152735948562622
166800
16.17444109916687
166900
16.87820291519165
167000
16.29141879081726
167100
16.49025797843933
167200
17.00148844718933
167300
16.58072066307068
167400
16.19082999229431
167500
16.86058521270752
167600
16.34245729446411
167700
16.169089555740356
167800
16.248956203460693
167900
16.89586615562439
168000
16.296900749206543
168100
16.205320596694946
168200
16.930097579956055
168300
16.374635696411133
168400
16.452991247177124
168500
17.138583183288574
168600
16.203142404556274
168700
16.172067642211914
168800
17.069340705871582
168900
16.331404447555542
169000
16.38143253326416
169100
16.99226140975952
169200
16.523062467575073
169300
16.163824319839478
169400
16.805835008621216
169500
16.354246854782104
169600
16.177926540374756
169700
16.277757167816162
169800
17.08132576942444
169900
16.200677394866943
170000
16.423054218292236
170100
16.778242588043213
170200
16.16428780555725
170300
16.091018676757812
170400
16.837650060653687
170500
16.43384838104248
170600
16.215928554534912
170700
16.97679328918457
170800
16.220181703567505
170900
16.27391290664673
171000
16.915476083755493
171100
16.13859486579895
171200
16.286767721176147
171300
16.337910652160645
171400
16.873377323150635
171500
16.32397961616516
171600
16.223555326461792
171700
16.871736526489258
171800
16.08393621444702
171900
16.041162252426147
172000
16.936277151107788
172100
16.029455423355103
172200
16.5114426612854
172300
16.910972833633423
172400
16.120569705963135
172500
16.21749258041382
172600
16.119499683380127
172700
17.18613600730896
172800
16.282703399658203
172900
16.21838641166687
173000
16.993083477020264
173100
16.109848976135254
173200
16.08643364906311
173300
16.782925367355347
173400
16.138572931289673
173500
16.230380058288574
173600
16.890349864959717
173700
16.229773998260498
173800
16.082347631454468
173900
16.048863410949707
174000
16.816624641418457
174100
16.146907806396484
174200
16.214738368988037
174300
16.933117866516113
174400
16.22953772544861
174500
16.269556760787964
174600
16.945045948028564
174700
16.152302980422974
174800
16.367655992507935
174900
16.12053680419922
175000
17.081995964050293
175100
16.212727069854736
175200
16.051926851272583
175300
16.91798734664917
175400
16.30208969116211
175500
16.15368914604187
175600
17.03954815864563
175700
16.226980924606323
175800
16.270561933517456
175900
16.804550170898438
176000
16.136377573013306
176100
16.086450338363647
176200
16.192026376724243
176300
16.924263954162598
176400
16.280699491500854
176500
16.165332078933716
176600
16.811612844467163
176700
16.093057870864868
176800
16.077301740646362
176900
16.877981185913086
177000
16.177138090133667
177100
16.24922752380371
177200
16.059312343597412
177300
17.20127272605896
177400
16.068097352981567
177500
16.060206413269043
177600
16.83022952079773
177700
16.165828466415405
177800
16.151503086090088
177900
17.002237558364868
178000
16.11747407913208
178100
16.066359281539917
178200
16.064725637435913
178300
17.10785436630249
178400
16.05771255493164
178500
16.14244842529297
178600
17.082948923110962
178700
16.11307168006897
178800
16.058476448059082
178900
16.811238527297974
179000
16.078386306762695
179100
16.128815412521362
179200
16.057440280914307
179300
16.860403060913086
179400
16.08296847343445
179500
16.424217224121094
179600
16.908808946609497
179700
16.181533575057983
179800
16.073434352874756
179900
16.103376150131226
180000
16.953189611434937
180100
16.016229391098022
180200
16.119300842285156
180300
16.871660470962524
180400
16.116709232330322
180500
16.040366888046265
180600
16.794202089309692
180700
16.078773021697998
180800
16.11808705329895
180900
16.086153984069824
181000
16.93032145500183
181100
16.06551194190979
181200
16.06245470046997
181300
16.837613821029663
181400
16.055402994155884
181500
16.286434650421143
181600
16.036386489868164
181700
16.926359176635742
181800
16.069013118743896
181900
16.22082281112671
182000
16.931047677993774
182100
16.187415838241577
182200
16.377917289733887
182300
17.005536794662476
182400
16.340786457061768
182500
16.646076917648315
182600
16.25683832168579
182700
17.265438556671143
182800
16.172340393066406
182900
16.17717742919922
183000
17.144185543060303
183100
16.302456378936768
183200
16.081164121627808
183300
16.176032543182373
183400
16.97692108154297
183500
16.18036723136902
183600
16.177489042282104
183700
17.116697788238525
183800
16.178970098495483
183900
16.27129864692688
184000
16.223553895950317
184100
17.080439567565918
184200
16.24932074546814
184300
16.36538600921631
184400
16.997264623641968
184500
16.19799828529358
184600
16.34767508506775
184700
16.05816340446472
184800
17.223393440246582
184900
16.282955169677734
185000
16.542067527770996
185100
17.037228107452393
185200
16.1029314994812
185300
16.15278649330139
185400
16.0738627910614
185500
16.91697406768799
185600
16.044722080230713
185700
16.177231788635254
185800
16.910492420196533
185900
16.345749855041504
186000
16.23923134803772
186100
16.2013041973114
186200
17.08001446723938
186300
16.234144926071167
186400
16.122639417648315
186500
17.066843509674072
186600
16.373202562332153
186700
16.05894136428833
186800
16.097392320632935
186900
17.150076627731323
187000
16.144332885742188
187100
16.31722903251648
187200
16.98871636390686
187300
16.242427349090576
187400
16.441137075424194
187500
16.30454993247986
187600
17.0774405002594
187700
16.278703689575195
187800
16.293899297714233
187900
17.046899557113647
188000
16.446709632873535
188100
16.375040769577026
188200
16.225534200668335
188300
16.974955558776855
188400
16.0577552318573
188500
16.29759120941162
188600
17.035592079162598
188700
16.14140295982361
188800
16.543132066726685
188900
16.19140362739563
189000
17.009634256362915
189100
16.110179662704468
189200
16.272686004638672
189300
17.058276176452637
189400
16.290711879730225
189500
16.538605213165283
189600
16.205105304718018
189700
17.259516954421997
189800
16.23396110534668
189900
16.264691591262817
190000
17.073099851608276
190100
16.210897207260132
190200
16.301148653030396
190300
16.243480443954468
190400
17.104199409484863
190500
16.085237503051758
190600
16.055964708328247
190700
16.063611268997192
190800
16.870189666748047
190900
16.13529920578003
191000
16.303839206695557
191100
16.928017377853394
191200
16.23128867149353
191300
16.215884685516357
191400
16.225287437438965
191500
17.044840812683105
191600
16.335596084594727
191700
16.12430453300476
191800
17.168227195739746
191900
16.197787523269653
192000
16.120912075042725
192100
16.28268051147461
192200
17.165203094482422
192300
16.346860647201538
192400
16.21976351737976
192500
16.289893865585327
192600
16.980955362319946
192700
16.120534658432007
192800
16.12830638885498
192900
17.01334285736084
193000
16.55925464630127
193100
16.182531118392944
193200
16.21870183944702
193300
16.947721481323242
193400
16.441980600357056
193500
16.24746870994568
193600
17.080002546310425
193700
16.14352321624756
193800
16.121337175369263
193900
16.40453791618347
194000
16.92988085746765
194100
16.229828119277954
194200
16.20878767967224
194300
16.259934663772583
194400
17.107720851898193
194500
16.10084366798401
194600
16.186463594436646
194700
17.045252323150635
194800
16.60459566116333
194900
16.38381838798523
195000
16.342760801315308
195100
17.053226232528687
195200
16.166825532913208
195300
16.35345435142517
195400
16.123061418533325
195500
16.98175883293152
195600
16.244580268859863
195700
15.978994131088257
195800
16.85585880279541
195900
16.012204885482788
196000
16.06130313873291
196100
16.060593128204346
196200
16.99422788619995
196300
16.138325929641724
196400
16.077938318252563
196500
16.20713520050049
196600
16.893375158309937
196700
16.04500460624695
196800
16.199569702148438
196900
17.021355628967285
197000
16.49781894683838
197100
16.434056282043457
197200
16.160746335983276
197300
17.040377378463745
197400
16.40658402442932
197500
16.18012046813965
197600
16.314898014068604
197700
17.2834689617157
197800
16.313562870025635
197900
16.208104372024536
198000
16.145180463790894
198100
17.218197345733643
198200
16.174031734466553
198300
16.35514187812805
198400
17.036704063415527
198500
16.277581930160522
198600
16.212470293045044
198700
16.099000215530396
198800
17.206295013427734
198900
16.13646912574768
199000
16.48044443130493
199100
16.098551750183105
199200
17.219126224517822
199300
16.213401079177856
199400
16.206679821014404
199500
16.961644172668457
199600
16.18463444709778
199700
16.26667547225952
199800
16.143211841583252
199900
17.16092348098755
200000
16.252824306488037
200100
16.04900312423706
200200
16.02313804626465
200300
17.010820150375366
200400
16.12096381187439
200500
16.161417245864868
200600
16.041595697402954
200700
17.088997840881348
200800
16.146347999572754
200900
16.15496039390564
201000
16.902700662612915
201100
16.196985960006714
201200
16.350112438201904
201300
16.12163996696472
201400
17.07129144668579
201500
16.181833028793335
201600
16.33510971069336
201700
16.40081763267517
201800
17.173596620559692
201900
16.12337589263916
202000
16.035619497299194
202100
16.182003498077393
202200
17.04881453514099
202300
16.298304796218872
202400
16.238451719284058
202500
16.39094090461731
202600
17.162424087524414
202700
16.18551778793335
202800
16.33246374130249
202900
17.271125078201294
203000
16.162310361862183
203100
16.34787082672119
203200
16.379108667373657
203300
16.93191170692444
203400
16.224544763565063
203500
16.17661428451538
203600
16.177690982818604
203700
17.026559352874756
203800
16.149080514907837
203900
16.14239501953125
204000
16.238452196121216
204100
17.257553577423096
204200
16.222386121749878
204300
16.192622900009155
204400
16.174965143203735
204500
17.019530057907104
204600
16.23470687866211
204700
16.362160205841064
204800
16.184783697128296
204900
17.155152797698975
205000
16.464789628982544
205100
16.09720468521118
205200
16.941024780273438
205300
16.158018350601196
205400
16.0927631855011
205500
15.999175071716309
205600
17.122349739074707
205700
16.01870608329773
205800
16.341598510742188
205900
16.13391876220703
206000
17.001272439956665
206100
16.153627395629883
206200
16.265812873840332
206300
16.134589195251465
206400
17.070085525512695
206500
16.32153081893921
206600
16.261632680892944
206700
16.493587255477905
206800
17.029953002929688
206900
16.260910034179688
207000
16.25545048713684
207100
16.276737689971924
207200
17.130701065063477
207300
16.070553302764893
207400
16.11717128753662
207500
16.12056541442871
207600
17.18686580657959
207700
16.154627323150635
207800
16.127615213394165
207900
16.221224784851074
208000
17.02368688583374
208100
16.144259214401245
208200
16.243720054626465
208300
17.257643222808838
208400
16.23834776878357
208500
16.346490144729614
208600
16.242429733276367
208700
17.143593311309814
208800
16.25165295600891
208900
16.221225023269653
209000
16.16138195991516
209100
17.127596139907837
209200
16.13116478919983
209300
16.452383995056152
209400
16.337717533111572
209500
17.225480556488037
209600
16.28863549232483
209700
16.37778639793396
209800
16.41869306564331
209900
17.128854036331177
210000
16.353278160095215
210100
16.156691551208496
210200
16.029599905014038
210300
17.02185297012329
210400
16.020718336105347
210500
16.41944909095764
210600
16.03313970565796
210700
16.94861602783203
210800
16.061020135879517
210900
16.11071014404297
211000
16.10176157951355
211100
16.96107268333435
211200
16.091535806655884
211300
16.150289297103882
211400
16.36475157737732
211500
17.02713418006897
211600
16.22145700454712
211700
16.36276865005493
211800
16.35440492630005
211900
16.934256315231323
212000
16.127063035964966
212100
16.09959316253662
212200
16.336722135543823
212300
17.056520700454712
212400
16.215998649597168
212500
16.28131604194641
212600
16.361724138259888
212700
17.275417804718018
212800
16.14217209815979
212900
16.204447031021118
213000
16.12323307991028
213100
17.10764193534851
213200
16.190199375152588
213300
16.140028953552246
213400
16.241642713546753
213500
17.218560695648193
213600
16.343088388442993
213700
16.252278089523315
213800
16.37475037574768
213900
17.178898572921753
214000
16.145692110061646
214100
16.243711948394775
214200
16.15411114692688
214300
17.314713716506958
214400
16.560094594955444
214500
16.31064534187317
214600
16.106302738189697
214700
16.974570274353027
214800
16.066392421722412
214900
16.34192681312561
215000
16.299925804138184
215100
17.058651208877563
215200
15.965213775634766
215300
16.044015884399414
215400
16.05681824684143
215500
17.099647760391235
215600
16.37708568572998
215700
16.208972930908203
215800
16.17148232460022
215900
17.070520162582397
216000
16.15846014022827
216100
16.503740072250366
216200
16.108816623687744
216300
17.40976047515869
216400
16.589783191680908
216500
16.34838843345642
216600
16.12018656730652
216700
17.356245756149292
216800
16.404874801635742
216900
16.153042793273926
217000
16.347114086151123
217100
17.02287268638611
217200
16.36268138885498
217300
16.334032773971558
217400
16.218358278274536
217500
17.175299882888794
217600
16.24548101425171
217700
16.168875694274902
217800
16.258787155151367
217900
17.148452758789062
218000
16.305850982666016
218100
16.277668237686157
218200
16.26718544960022
218300
17.144324779510498
218400
16.389405965805054
218500
16.349791526794434
218600
16.27938747406006
218700
17.22979474067688
218800
16.22758722305298
218900
16.180631637573242
219000
16.113641262054443
219100
16.160939693450928
219200
17.14203691482544
219300
16.16248059272766
219400
16.10631513595581
219500
16.314724445343018
219600
17.319743871688843
219700
16.316699266433716
219800
16.33456039428711
219900
16.327834367752075
220000
17.557838439941406
220100
16.105048894882202
220200
16.079412937164307
220300
16.0245463848114
220400
17.190486431121826
220500
16.323481798171997
220600
16.14738130569458
220700
16.221702575683594
220800
17.17494010925293
220900
16.357966661453247
221000
16.300331830978394
221100
16.479549884796143
221200
17.146962881088257
221300
16.207428693771362
221400
16.37146306037903
221500
16.16027307510376
221600
17.27934241294861
221700
16.16137385368347
221800
16.268877267837524
221900
16.032843828201294
222000
16.988950729370117
222100
16.05454730987549
222200
16.175861597061157
222300
16.046665906906128
222400
16.27964687347412
222500
16.95784091949463
222600
16.053800582885742
222700
16.083738565444946
222800
16.008757829666138
222900
17.266998529434204
223000
16.07268524169922
223100
16.272298097610474
223200
16.056629180908203
223300
17.0117928981781
223400
16.28465747833252
223500
16.050150394439697
223600
16.076517820358276
223700
17.15447449684143
223800
16.085275411605835
223900
16.06305456161499
224000
16.184284687042236
224100
17.084266901016235
224200
16.201971292495728
224300
16.270195484161377
224400
16.203828811645508
224500
16.289777517318726
224600
17.214807748794556
224700
16.117674112319946
224800
16.14519762992859
224900
16.20255994796753
225000
17.268829345703125
225100
16.168551683425903
225200
16.31560754776001
225300
15.97430157661438
225400
17.086758136749268
225500
16.130563259124756
225600
16.172096729278564
225700
16.14946675300598
225800
17.17312717437744
225900
16.26231622695923
226000
16.116880893707275
226100
16.104246616363525
226200
17.04938769340515
226300
16.24994659423828
226400
16.306347608566284
226500
16.08472776412964
226600
16.10122299194336
226700
17.277020692825317
226800
16.356009006500244
226900
16.217732429504395
227000
16.29375672340393
227100
17.27907109260559
227200
16.322033882141113
227300
16.2594313621521
227400
16.45949912071228
227500
17.465352296829224
227600
16.3121280670166
227700
16.300445318222046
227800
16.25709581375122
227900
17.28886389732361
228000
16.4313063621521
228100
16.381792068481445
228200
16.243356466293335
228300
16.18266248703003
228400
17.54658794403076
228500
16.223407745361328
228600
16.198485136032104
228700
16.530234813690186
228800
17.584853887557983
228900
16.276500463485718
229000
