['E1_lc.fits']
E1_lc.fits
114407
0
16.454854011535645
100
16.359407663345337
200
16.25977635383606
300
16.20552158355713
400
16.270780324935913
500
16.411471605300903
600
16.29904055595398
700
16.229960918426514
800
16.291685581207275
900
16.27694010734558
1000
16.154650688171387
1100
16.198617458343506
1200
16.180176973342896
1300
16.329636812210083
1400
16.220823287963867
1500
16.539998531341553
1600
16.28641104698181
1700
16.378863096237183
1800
16.35194206237793
1900
16.342779397964478
2000
16.185120105743408
2100
16.41856288909912
2200
16.55928134918213
2300
16.356822967529297
2400
16.37878441810608
2500
16.43725085258484
2600
16.248786211013794
2700
16.452669858932495
2800
16.46227765083313
2900
16.274842977523804
3000
16.679372310638428
3100
16.22098445892334
3200
16.424631118774414
3300
16.305883646011353
3400
16.457519054412842
3500
16.301956176757812
3600
16.238049030303955
3700
16.467275619506836
3800
16.348989248275757
3900
16.250378370285034
4000
16.272032976150513
4100
16.330653190612793
4200
16.5108003616333
4300
16.453436613082886
4400
16.677353858947754
4500
16.498218059539795
4600
16.36492919921875
4700
16.41934823989868
4800
16.293022632598877
4900
16.31724739074707
5000
16.412373304367065
5100
16.143013954162598
5200
16.30087924003601
5300
16.19671058654785
5400
16.348246335983276
5500
16.28686499595642
5600
16.469140768051147
5700
16.20563793182373
5800
16.45003604888916
5900
16.434728622436523
6000
16.222098112106323
6100
16.27816343307495
6200
16.600197553634644
6300
16.355191707611084
6400
16.23902463912964
6500
16.709850549697876
6600
16.429280996322632
6700
16.336263418197632
6800
16.290241956710815
6900
16.238017559051514
7000
16.314833164215088
7100
16.298175811767578
7200
16.2778480052948
7300
16.46204900741577
7400
16.52487826347351
7500
16.205002307891846
7600
16.334402561187744
7700
16.26962184906006
7800
16.41338801383972
7900
16.339319467544556
8000
16.487202405929565
8100
16.390653371810913
8200
16.29770255088806
8300
16.371426105499268
8400
16.333553075790405
8500
16.42577624320984
8600
16.513688325881958
8700
16.533609628677368
8800
16.32773470878601
8900
16.248931169509888
9000
16.185487985610962
9100
16.191837549209595
9200
16.09106135368347
9300
16.1352756023407
9400
16.14392900466919
9500
16.39644432067871
9600
16.188404321670532
9700
16.244438886642456
9800
16.23355746269226
9900
16.159945726394653
10000
16.134265899658203
10100
16.463516235351562
10200
16.299232721328735
10300
16.26247501373291
10400
16.28905153274536
10500
16.291180849075317
10600
16.324030876159668
10700
16.244551420211792
10800
16.492260694503784
10900
16.287968635559082
11000
16.219202280044556
11100
16.039705276489258
11200
16.175174713134766
11300
16.11040425300598
11400
16.09877300262451
11500
16.15472674369812
11600
16.042147397994995
11700
16.48107075691223
11800
16.242120504379272
11900
16.44172763824463
12000
16.33919620513916
12100
16.444154262542725
12200
16.34429669380188
12300
16.547367095947266
12400
16.218202829360962
12500
16.588446617126465
12600
16.1881582736969
12700
16.462464570999146
12800
16.24781370162964
12900
16.437608003616333
13000
16.44584894180298
13100
16.44569182395935
13200
16.50532293319702
13300
16.434340476989746
13400
16.272960662841797
13500
16.335525274276733
13600
16.38088035583496
13700
16.517455577850342
13800
16.257094144821167
13900
16.2749342918396
14000
16.68639039993286
14100
16.19305658340454
14200
16.301353693008423
14300
16.19205951690674
14400
16.38012194633484
14500
16.220717430114746
14600
16.446982860565186
14700
16.447001457214355
14800
16.37378454208374
14900
16.2294180393219
15000
16.224133253097534
15100
16.210171222686768
15200
16.329764127731323
15300
16.283735036849976
15400
16.154773950576782
15500
16.3206467628479
15600
16.065187692642212
15700
16.20737338066101
15800
16.197936534881592
15900
16.3176486492157
16000
16.29882526397705
16100
16.09085702896118
16200
16.322271823883057
16300
16.174962282180786
16400
16.202587604522705
16500
16.227261781692505
16600
16.305763483047485
16700
16.11963653564453
16800
16.28914976119995
16900
16.496427536010742
17000
16.253791570663452
17100
16.271586418151855
17200
16.261526346206665
17300
16.26122784614563
17400
16.292113065719604
17500
16.183154106140137
17600
16.57267451286316
17700
16.36514711380005
17800
16.600661754608154
17900
16.212712049484253
18000
16.404852867126465
18100
16.419873476028442
18200
16.321308374404907
18300
16.471988916397095
18400
16.2680823802948
18500
16.50795340538025
18600
16.287368774414062
18700
16.52501893043518
18800
16.372080326080322
18900
16.713104724884033
19000
16.264953136444092
19100
16.431141138076782
19200
16.245677947998047
19300
16.280064344406128
19400
16.429051876068115
19500
16.257607221603394
19600
16.49454164505005
19700
16.404247760772705
19800
16.69523310661316
19900
16.489628553390503
20000
16.602485418319702
20100
16.308011054992676
20200
16.2984561920166
20300
16.18445372581482
20400
16.53790307044983
20500
16.38300108909607
20600
16.287811517715454
20700
16.425193548202515
20800
16.297257661819458
20900
16.561193227767944
21000
16.24806833267212
21100
16.883552312850952
21200
16.366674661636353
21300
16.420690774917603
21400
16.272958517074585
21500
16.418426990509033
21600
16.216656923294067
21700
16.298775672912598
21800
16.498395919799805
21900
16.259645462036133
22000
16.42979645729065
22100
16.296295881271362
22200
16.3903591632843
22300
16.270319938659668
22400
16.24590563774109
22500
16.355695962905884
22600
16.21321201324463
22700
16.43440532684326
22800
16.375099897384644
22900
16.233063220977783
23000
16.271116256713867
23100
16.260007858276367
23200
16.31016707420349
23300
16.79436421394348
23400
16.25455641746521
23500
16.473581314086914
23600
16.273769855499268
23700
16.124873638153076
23800
16.198594093322754
23900
16.348559856414795
24000
16.559789180755615
24100
16.35379958152771
24200
16.352338552474976
24300
16.470582246780396
24400
16.333274364471436
24500
16.37025213241577
24600
16.41224455833435
24700
16.505858421325684
24800
16.18975067138672
24900
16.501566410064697
25000
16.45446801185608
25100
16.367407083511353
25200
16.2948899269104
25300
16.242422580718994
25400
16.305823802947998
25500
16.49554705619812
25600
16.30572509765625
25700
16.315032243728638
25800
16.3922061920166
25900
16.297694206237793
26000
16.3768630027771
26100
16.323931217193604
26200
16.469935655593872
26300
16.233126640319824
26400
16.37626051902771
26500
16.257913827896118
26600
16.374192714691162
26700
16.228954076766968
26800
16.2849862575531
26900
16.266473293304443
27000
16.276493072509766
27100
16.215455770492554
27200
16.499603986740112
27300
16.326575994491577
27400
16.459349155426025
27500
16.1613290309906
27600
16.303192377090454
27700
16.356693744659424
27800
16.364182710647583
27900
16.43089485168457
28000
16.389602422714233
28100
16.406314373016357
28200
16.163625955581665
28300
16.410041093826294
28400
16.573291778564453
28500
16.128711223602295
28600
16.258464336395264
28700
16.50162363052368
28800
16.257885217666626
28900
16.367963075637817
29000
16.30461311340332
29100
16.35136914253235
29200
16.888291597366333
29300
16.253105640411377
29400
16.43568754196167
29500
16.374871492385864
29600
16.342928171157837
29700
16.51775622367859
29800
16.388497591018677
29900
16.53521227836609
30000
16.45913815498352
30100
16.522184371948242
30200
16.272189140319824
30300
16.314350605010986
30400
16.085306644439697
30500
16.41518521308899
30600
16.08530020713806
30700
16.496368408203125
30800
16.01480460166931
30900
16.41249680519104
31000
16.167346239089966
31100
16.093568801879883
31200
16.208324432373047
31300
16.150859594345093
31400
16.391947031021118
31500
16.189244747161865
31600
16.404812335968018
31700
16.315598964691162
31800
16.32396149635315
31900
16.25864028930664
32000
16.281092405319214
32100
16.403550386428833
32200
16.159486770629883
32300
16.813819408416748
32400
16.33996844291687
32500
16.467010259628296
32600
16.433844327926636
32700
16.369859218597412
32800
16.5636305809021
32900
16.328461408615112
33000
16.574813842773438
33100
16.356134176254272
33200
16.36333155632019
33300
16.221635818481445
33400
16.417577743530273
33500
16.221566200256348
33600
16.57377028465271
33700
16.287217140197754
33800
16.24523901939392
33900
16.474580764770508
34000
16.082469940185547
34100
16.226083755493164
34200
16.09235668182373
34300
16.41618299484253
34400
16.07619619369507
34500
16.215800762176514
34600
16.489046812057495
34700
16.238823652267456
34800
16.45887565612793
34900
16.54309916496277
35000
16.179569959640503
35100
16.248040199279785
35200
16.342856884002686
35300
16.30171823501587
35400
16.13963508605957
35500
16.117310762405396
35600
16.299893617630005
35700
16.056302785873413
35800
16.401414155960083
35900
16.16585683822632
36000
16.108426809310913
36100
16.396532773971558
36200
16.195652723312378
36300
16.238603115081787
36400
16.474022388458252
36500
16.380019426345825
36600
16.315816402435303
36700
16.32485866546631
36800
16.13229537010193
36900
16.35566806793213
37000
16.448328733444214
37100
16.33605718612671
37200
16.253270626068115
37300
16.404651165008545
37400
16.500367641448975
37500
16.571321487426758
37600
16.439982414245605
37700
16.29060435295105
37800
16.165862560272217
37900
16.41530203819275
38000
16.23196291923523
38100
16.226808547973633
38200
16.43341374397278
38300
16.426961183547974
38400
16.28130602836609
38500
16.158544540405273
38600
16.420637607574463
38700
16.346596479415894
38800
16.210062265396118
38900
16.176548957824707
39000
16.573421239852905
39100
16.15611171722412
39200
16.165703296661377
39300
16.192286729812622
39400
16.47364354133606
39500
16.238354444503784
39600
16.17635703086853
39700
16.307806253433228
39800
16.571399927139282
39900
16.31872057914734
40000
16.310221195220947
40100
16.27885389328003
40200
16.35524606704712
40300
16.16871953010559
40400
16.341123819351196
40500
16.244393825531006
40600
16.257209539413452
40700
16.314026355743408
40800
16.18143367767334
40900
16.19567632675171
41000
16.227383136749268
41100
16.472225189208984
41200
16.43738341331482
41300
16.27376127243042
41400
16.335232734680176
41500
16.281779766082764
41600
16.460829973220825
41700
16.504438877105713
41800
16.28354501724243
41900
16.415610790252686
42000
16.356000185012817
42100
16.716536283493042
42200
16.338212490081787
42300
16.515894174575806
42400
16.284135580062866
42500
16.38058876991272
42600
16.5665020942688
42700
16.67872428894043
42800
16.271992206573486
42900
16.188087701797485
43000
16.269718647003174
43100
16.227152824401855
43200
16.410396814346313
43300
16.52284836769104
43400
16.617864847183228
43500
16.410400867462158
43600
16.669013023376465
43700
16.367430210113525
43800
16.495628118515015
43900
16.44793963432312
44000
16.290634155273438
44100
16.718733310699463
44200
16.220311641693115
44300
16.47085452079773
44400
16.30281138420105
44500
16.246261835098267
44600
16.457067489624023
44700
16.27641725540161
44800
16.409820318222046
44900
16.287819385528564
45000
16.47905921936035
45100
16.141082763671875
45200
16.197609424591064
45300
16.327796936035156
45400
16.246214151382446
45500
16.23536515235901
45600
16.360077142715454
45700
16.17205238342285
45800
16.34414267539978
45900
16.54341197013855
46000
16.458792686462402
46100
16.532160997390747
46200
16.440580368041992
46300
16.5056254863739
46400
16.37790822982788
46500
16.325181007385254
46600
16.380606651306152
46700
16.26868176460266
46800
16.534018754959106
46900
16.483113288879395
47000
16.632429122924805
47100
16.610828638076782
47200
16.257285356521606
47300
16.294356107711792
47400
16.53593683242798
47500
16.362189292907715
47600
16.48875665664673
47700
16.52049684524536
47800
16.484590768814087
47900
16.368191957473755
48000
16.533049821853638
48100
16.5672447681427
48200
16.49533438682556
48300
16.40347123146057
48400
16.31323742866516
48500
16.46697425842285
48600
16.322752952575684
48700
16.38892364501953
48800
16.50386881828308
48900
16.286805629730225
49000
16.302654266357422
49100
16.29939866065979
49200
16.43704080581665
49300
16.343745708465576
49400
16.49574089050293
49500
16.34087109565735
49600
16.26556634902954
49700
16.321937799453735
49800
16.4004328250885
49900
16.31089973449707
50000
16.232815742492676
50100
16.33098316192627
50200
16.08864998817444
50300
16.28293466567993
50400
16.092615127563477
50500
16.0975980758667
50600
16.273200273513794
50700
16.232500076293945
50800
16.44863271713257
50900
16.37554144859314
51000
16.694013833999634
51100
16.385035514831543
51200
16.580024003982544
51300
16.23373055458069
51400
16.30020523071289
51500
15.981757402420044
51600
16.390151262283325
51700
16.27191662788391
51800
16.210881233215332
51900
16.218708038330078
52000
16.348257541656494
52100
16.310094594955444
52200
16.322277069091797
52300
16.44579029083252
52400
16.31671929359436
52500
16.202462911605835
52600
16.220669746398926
52700
16.523310899734497
52800
16.24266266822815
52900
16.33328104019165
53000
16.207114219665527
53100
16.40186595916748
53200
16.481258392333984
53300
16.385795831680298
53400
16.190762281417847
53500
16.31870746612549
53600
16.57705068588257
53700
16.629965782165527
53800
16.568236112594604
53900
16.410523176193237
54000
16.07084059715271
54100
16.517736434936523
54200
16.47896456718445
54300
16.32767081260681
54400
16.397754907608032
54500
16.40958070755005
54600
16.247384071350098
54700
16.251973390579224
54800
16.39851140975952
54900
16.519294500350952
55000
16.228192806243896
55100
16.225464344024658
55200
16.254316806793213
55300
16.216928482055664
55400
16.140243768692017
55500
16.3172025680542
55600
16.180856943130493
55700
16.33203387260437
55800
16.283809661865234
55900
16.325342178344727
56000
16.302043199539185
56100
16.298086643218994
56200
16.52048349380493
56300
16.473443269729614
56400
16.535909414291382
56500
16.249842643737793
56600
16.397965908050537
56700
16.287641048431396
56800
16.523035287857056
56900
16.308046579360962
57000
16.493646144866943
57100
16.51621413230896
57200
16.400888204574585
57300
16.585736751556396
57400
16.37059998512268
57500
16.332360982894897
57600
16.314232110977173
57700
16.423224687576294
57800
16.394662380218506
57900
16.62588405609131
58000
16.6204092502594
58100
16.708616256713867
58200
16.31801748275757
58300
16.07260251045227
58400
16.412726402282715
58500
16.321505069732666
58600
16.580347299575806
58700
16.5352041721344
58800
16.494964361190796
58900
16.40057873725891
59000
16.32000422477722
59100
16.19041919708252
59200
16.398383140563965
59300
16.310185432434082
59400
16.372774124145508
59500
16.399095058441162
59600
16.586145401000977
59700
16.496701955795288
59800
16.178951263427734
59900
16.51432204246521
60000
16.375001668930054
60100
16.555071353912354
60200
16.37935733795166
60300
16.41890287399292
60400
16.29780864715576
60500
16.30200958251953
60600
16.375794649124146
60700
16.229886770248413
60800
16.522669792175293
60900
16.294286012649536
61000
16.49194073677063
61100
15.966381788253784
61200
16.219770669937134
61300
16.318881034851074
61400
16.300304889678955
61500
16.27692699432373
61600
16.20462989807129
61700
16.094176530838013
61800
16.334527730941772
61900
16.336645126342773
62000
16.30624032020569
62100
16.351326942443848
62200
16.319014310836792
62300
16.155340433120728
62400
16.371031522750854
62500
16.421621322631836
62600
16.520814418792725
62700
16.34543490409851
62800
16.13475513458252
62900
16.57346200942993
63000
16.346888303756714
63100
16.332358598709106
63200
16.41365075111389
63300
16.438246965408325
63400
16.17333698272705
63500
16.610500812530518
63600
16.50024676322937
63700
16.475595474243164
63800
16.63156509399414
63900
16.177253484725952
64000
16.603822469711304
64100
16.58005428314209
64200
16.54115581512451
64300
16.38214612007141
64400
16.136147499084473
64500
16.54574155807495
64600
16.50630784034729
64700
16.55619168281555
64800
16.418997049331665
64900
16.495177268981934
65000
16.407023906707764
65100
16.51659083366394
65200
16.52004051208496
65300
16.067725896835327
65400
16.481990098953247
65500
16.484463453292847
65600
16.170794248580933
65700
16.305755615234375
65800
15.878861665725708
65900
16.312827110290527
66000
16.182535409927368
66100
16.496765851974487
66200
15.953160047531128
66300
16.458853244781494
66400
16.30676531791687
66500
16.39978790283203
66600
16.510207653045654
66700
16.177178859710693
66800
16.40751600265503
66900
16.59929347038269
67000
16.318045616149902
67100
16.20708441734314
67200
16.403328895568848
67300
16.42670202255249
67400
16.330758571624756
67500
16.287405014038086
67600
16.214879512786865
67700
16.640088319778442
67800
16.63305139541626
67900
16.498095512390137
68000
16.223249435424805
68100
16.37960147857666
68200
16.40985631942749
68300
16.55265760421753
68400
16.19327664375305
68500
16.43408465385437
68600
16.36735725402832
68700
16.602407693862915
68800
16.01173448562622
68900
16.363533973693848
69000
16.52644658088684
69100
16.543566703796387
69200
16.201629161834717
69300
16.658571243286133
69400
16.54168462753296
69500
16.52914047241211
69600
16.22494649887085
69700
16.305163145065308
69800
16.699402332305908
69900
16.29937195777893
70000
16.6593177318573
70100
16.529545068740845
70200
16.41878342628479
70300
16.025256395339966
70400
16.237256050109863
70500
16.57156252861023
70600
16.245553970336914
70700
16.045356512069702
70800
16.188100814819336
70900
16.32522988319397
71000
16.20831036567688
71100
15.976431608200073
71200
16.441165447235107
71300
16.425458669662476
71400
15.895385026931763
71500
16.24370837211609
71600
16.269587516784668
71700
16.379930019378662
71800
16.038870096206665
71900
16.303231716156006
72000
16.39557147026062
72100
16.029842615127563
72200
16.2964506149292
72300
16.268588066101074
72400
16.266215324401855
72500
15.98670220375061
72600
16.239474773406982
72700
16.36115789413452
72800
16.014684677124023
72900
16.401165008544922
73000
16.323994636535645
73100
16.46303963661194
73200
16.141117572784424
73300
16.422760009765625
73400
16.600849866867065
73500
16.233515739440918
73600
16.3571834564209
73700
16.52147150039673
73800
16.42460322380066
73900
16.14747667312622
74000
16.387348651885986
74100
16.56750464439392
74200
16.385071754455566
74300
16.4316246509552
74400
16.684903860092163
74500
16.099037408828735
74600
16.42768907546997
74700
16.40489649772644
74800
16.145413398742676
74900
16.52360200881958
75000
16.634968519210815
75100
16.59181499481201
75200
16.06262707710266
75300
16.475536584854126
75400
16.245874166488647
75500
16.044481992721558
75600
16.5561363697052
75700
16.76193618774414
75800
16.064058780670166
75900
16.578739643096924
76000
16.500229358673096
76100
16.170483112335205
76200
16.42046570777893
76300
16.498543739318848
76400
16.348742246627808
76500
16.534685373306274
76600
16.398797512054443
76700
16.057421445846558
76800
16.57835817337036
76900
16.532676935195923
77000
16.19312024116516
77100
16.56659197807312
77200
16.54538345336914
77300
16.171984672546387
77400
16.351861238479614
77500
16.45314383506775
77600
16.353710889816284
77700
16.087970495224
77800
16.459290742874146
77900
16.064600467681885
78000
16.625681161880493
78100
16.36500835418701
78200
16.17317223548889
78300
16.375229835510254
78400
16.467423677444458
78500
16.311187028884888
78600
17.020609378814697
78700
16.45390272140503
78800
16.209588527679443
78900
16.394043445587158
79000
16.36223816871643
79100
16.049131393432617
79200
16.351739406585693
79300
16.63664722442627
79400
16.098482131958008
79500
16.50747299194336
79600
16.48944067955017
79700
16.31904935836792
79800
16.47816252708435
79900
16.760494470596313
80000
16.11777091026306
80100
16.42132544517517
80200
16.645322561264038
80300
16.118585109710693
80400
16.544091939926147
80500
16.419355869293213
80600
16.06376314163208
80700
16.552677154541016
80800
16.56293749809265
80900
16.47506856918335
81000
16.43974757194519
81100
16.24764609336853
81200
16.447715759277344
81300
16.39372491836548
81400
15.943662643432617
81500
16.6629478931427
81600
16.55336570739746
81700
16.0038058757782
81800
16.426080465316772
81900
15.949259757995605
82000
16.577510356903076
82100
16.308377742767334
82200
16.350679874420166
82300
16.46985387802124
82400
16.57615065574646
82500
16.061039686203003
82600
16.635234594345093
82700
16.507336139678955
82800
16.070372104644775
82900
16.568604469299316
83000
16.105393886566162
83100
16.678529262542725
83200
16.401906728744507
83300
16.174463272094727
83400
16.46829915046692
83500
16.48125410079956
83600
16.036094427108765
83700
16.75676417350769
83800
16.09283137321472
83900
16.471688508987427
84000
16.395007610321045
84100
16.069169521331787
84200
16.38036298751831
84300
16.238091707229614
84400
16.69705057144165
84500
16.696726083755493
84600
16.04505205154419
84700
16.499483823776245
84800
16.47404670715332
84900
16.054442882537842
85000
16.467379808425903
85100
16.03898787498474
85200
16.647143602371216
85300
16.608598709106445
85400
16.11334776878357
85500
16.621944904327393
85600
16.04684281349182
85700
16.59339666366577
85800
16.300196409225464
85900
16.295149087905884
86000
16.592674732208252
86100
15.994901895523071
86200
16.456788539886475
86300
16.38421940803528
86400
15.978670835494995
86500
16.45973253250122
86600
16.675655364990234
86700
16.063970804214478
86800
16.371760606765747
86900
16.077568292617798
87000
16.514339923858643
87100
16.443449020385742
87200
16.095166206359863
87300
16.412620067596436
87400
16.06481146812439
87500
16.66682457923889
87600
16.155590295791626
87700
16.413736820220947
87800
16.585167407989502
87900
16.072514057159424
88000
16.45253086090088
88100
16.05877661705017
88200
16.62286686897278
88300
16.672952890396118
88400
16.05074405670166
88500
16.5285542011261
88600
16.06001329421997
88700
16.47663164138794
88800
16.60241436958313
88900
16.025548458099365
89000
16.41495394706726
89100
16.07172203063965
89200
16.46837019920349
89300
16.060803413391113
89400
16.51009178161621
89500
16.57089400291443
89600
16.17968988418579
89700
16.569267511367798
89800
16.176074028015137
89900
16.564621686935425
90000
16.460095167160034
90100
15.971075534820557
90200
16.33605694770813
90300
16.005544900894165
90400
16.383113384246826
90500
16.14606523513794
90600
16.62525510787964
90700
16.349769353866577
90800
16.105812788009644
90900
16.478129148483276
91000
16.24312663078308
91100
16.68473219871521
91200
15.910807609558105
91300
16.32943558692932
91400
16.555792093276978
91500
16.012759685516357
91600
16.748481512069702
91700
16.057599544525146
91800
16.71982717514038
91900
16.05825710296631
92000
16.51311492919922
92100
16.664401292800903
92200
16.25389266014099
92300
16.53335213661194
92400
16.072476863861084
92500
16.567106246948242
92600
16.11536693572998
92700
16.8828182220459
92800
16.59803581237793
92900
16.1075119972229
93000
16.451630115509033
93100
16.02804160118103
93200
16.48372745513916
93300
16.112128973007202
93400
16.649245500564575
93500
16.546253442764282
93600
16.04157829284668
93700
16.445940732955933
93800
16.00713300704956
93900
16.43948268890381
94000
16.298620223999023
94100
16.412862539291382
94200
15.931963205337524
94300
16.457151174545288
94400
16.53656792640686
94500
16.06142568588257
94600
16.377044677734375
94700
16.251594066619873
94800
16.466805934906006
94900
16.157745838165283
95000
16.489806413650513
95100
16.055488348007202
95200
16.43071174621582
95300
15.915220022201538
95400
16.517565488815308
95500
16.367397785186768
95600
16.094903469085693
95700
16.289822578430176
95800
15.889004468917847
95900
16.319736003875732
96000
16.075889587402344
96100
16.462114095687866
96200
16.211151838302612
96300
16.61164164543152
96400
16.034155130386353
96500
16.65233325958252
96600
16.39353585243225
96700
16.46784281730652
96800
16.37909245491028
96900
16.19909167289734
97000
16.52671194076538
97100
16.14484190940857
97200
16.927141427993774
97300
15.942387104034424
97400
16.474897623062134
97500
16.01890516281128
97600
16.744535446166992
97700
16.093204736709595
97800
16.892655611038208
97900
16.640331029891968
98000
16.189323902130127
98100
16.54652714729309
98200
16.08630871772766
98300
16.71569514274597
98400
16.078322172164917
98500
16.732980966567993
98600
16.08954668045044
98700
16.538665533065796
98800
16.088327646255493
98900
16.451566457748413
99000
16.023717880249023
99100
16.750017642974854
99200
16.103291749954224
99300
16.525301933288574
99400
16.526342153549194
99500
16.04486846923828
99600
16.369482040405273
99700
16.176430463790894
99800
16.6104793548584
99900
16.112435340881348
100000
16.685560703277588
100100
16.020984172821045
100200
16.46677803993225
100300
15.912728309631348
100400
16.520976066589355
100500
15.918575763702393
100600
16.652177572250366
100700
16.012826919555664
100800
16.607001066207886
100900
15.9329833984375
101000
16.410775899887085
101100
15.914035081863403
101200
16.494438409805298
101300
16.079792499542236
101400
16.686333417892456
101500
16.104516983032227
101600
16.50246572494507
101700
16.533888339996338
101800
16.10150456428528
101900
16.504864931106567
102000
16.331401109695435
102100
16.61830711364746
102200
16.243099212646484
102300
16.702996492385864
102400
16.089173793792725
102500
16.578763484954834
102600
16.001665115356445
102700
16.58908176422119
102800
16.030070781707764
102900
16.608227014541626
103000
16.258528232574463
103100
16.758890867233276
103200
16.109069347381592
103300
16.603163957595825
103400
16.018769025802612
103500
16.562828063964844
103600
16.14194655418396
103700
16.77203345298767
103800
16.32241463661194
103900
16.55289649963379
104000
16.23297095298767
104100
16.618744373321533
104200
16.23543071746826
104300
16.70217752456665
104400
16.049390077590942
104500
16.39306664466858
104600
15.980036735534668
104700
16.63452959060669
104800
15.990911483764648
104900
16.519510507583618
105000
16.31118893623352
105100
16.60756754875183
105200
15.871185541152954
105300
16.44284462928772
105400
15.914949893951416
105500
16.44029927253723
105600
16.02472996711731
105700
16.556652307510376
105800
16.11253571510315
105900
16.855989694595337
106000
15.99868893623352
106100
16.379169464111328
106200
16.0534245967865
106300
16.513034343719482
106400
15.999023675918579
106500
16.713767051696777
106600
15.977894067764282
106700
16.36040449142456
106800
15.925959348678589
106900
16.368168592453003
107000
15.906994581222534
107100
16.47052788734436
107200
16.388391733169556
107300
16.594467878341675
107400
16.271172046661377
107500
16.63734722137451
107600
16.119806051254272
107700
16.730271100997925
107800
16.045859575271606
107900
16.723055839538574
108000
16.306954383850098
108100
16.904035568237305
108200
16.167765855789185
108300
16.665199041366577
108400
16.296211004257202
108500
16.068268537521362
108600
16.660415172576904
108700
16.17782711982727
108800
16.59196138381958
108900
15.952906847000122
109000
16.760779857635498
109100
16.100656747817993
109200
16.44209122657776
109300
15.99393367767334
109400
16.80269193649292
109500
15.98485517501831
109600
16.432303190231323
109700
15.947698831558228
109800
16.453162670135498
109900
16.272327423095703
110000
16.450422525405884
110100
16.086598873138428
110200
16.366004467010498
110300
16.2477810382843
110400
16.355576515197754
110500
15.949885606765747
110600
16.409888744354248
110700
15.921382665634155
110800
16.379031896591187
110900
16.099952697753906
111000
16.03554892539978
111100
16.719444513320923
111200
16.039685487747192
111300
16.51068091392517
111400
16.279635190963745
111500
16.671334743499756
111600
16.212496757507324
111700
16.494255542755127
111800
15.825332164764404
111900
16.296947717666626
112000
15.849298477172852
112100
16.342923879623413
112200
15.864365339279175
112300
16.495787858963013
112400
16.17022728919983
112500
16.456440210342407
112600
16.076878309249878
112700
15.928783416748047
112800
16.508503913879395
112900
15.9288649559021
113000
16.460442543029785
113100
16.044742345809937
113200
16.739104509353638
113300
16.244420051574707
113400
16.58228898048401
113500
15.975813388824463
113600
16.748711347579956
113700
15.914331674575806
113800
16.52389645576477
113900
15.959838390350342
114000
16.7406268119812
114100
16.10936403274536
114200
16.10389494895935
114300
16.70294690132141
114400
