['S2_lc.fits']
S2_lc.fits
109228
0
17.081315755844116
100
16.838992834091187
200
16.296380758285522
300
16.217697858810425
400
16.29869842529297
500
16.158387899398804
600
16.301979541778564
700
16.23446798324585
800
16.242352962493896
900
16.410763263702393
1000
16.220287561416626
1100
16.21770453453064
1200
16.20508313179016
1300
16.349573850631714
1400
16.24629235267639
1500
16.189215898513794
1600
16.21209740638733
1700
16.218454837799072
1800
16.475953578948975
1900
16.224501132965088
2000
16.217624187469482
2100
16.264362573623657
2200
16.38233184814453
2300
16.24606204032898
2400
16.438732385635376
2500
16.25552248954773
2600
16.22842502593994
2700
16.3167142868042
2800
16.261143445968628
2900
16.244070291519165
3000
16.26698350906372
3100
16.478511333465576
3200
16.29731822013855
3300
16.317142248153687
3400
16.249210119247437
3500
16.328930616378784
3600
16.844576120376587
3700
16.26575803756714
3800
16.289580583572388
3900
16.2783145904541
4000
16.596359729766846
4100
16.468891859054565
4200
16.31583285331726
4300
16.321996688842773
4400
16.292657375335693
4500
16.221452951431274
4600
16.236546993255615
4700
16.352067947387695
4800
16.435458421707153
4900
16.281005144119263
5000
16.21068263053894
5100
16.171075582504272
5200
16.204370975494385
5300
16.26935076713562
5400
16.390995264053345
5500
16.239436388015747
5600
16.257850885391235
5700
16.459943294525146
5800
16.26647639274597
5900
16.4314022064209
6000
16.13108777999878
6100
16.3004949092865
6200
16.134857177734375
6300
16.303192138671875
6400
16.351332902908325
6500
16.28352642059326
6600
16.4328773021698
6700
16.26791286468506
6800
16.212825775146484
6900
16.129963874816895
7000
16.078383207321167
7100
16.12838578224182
7200
16.27592372894287
7300
16.352163314819336
7400
16.313459157943726
7500
16.309475421905518
7600
16.370076179504395
7700
16.360594987869263
7800
16.47692608833313
7900
16.40167212486267
8000
16.401667833328247
8100
16.459049224853516
8200
16.332356929779053
8300
16.52216362953186
8400
16.32815432548523
8500
16.30142569541931
8600
16.32289433479309
8700
16.42565107345581
8800
16.33073377609253
8900
16.251296281814575
9000
16.25571918487549
9100
16.58345127105713
9200
16.39636206626892
9300
16.18412184715271
9400
16.263728857040405
9500
16.1976318359375
9600
16.203391790390015
9700
16.200497150421143
9800
16.15606117248535
9900
16.503515005111694
10000
16.37646222114563
10100
16.154972314834595
10200
16.197842121124268
10300
16.170108795166016
10400
16.165939807891846
10500
16.26258873939514
10600
16.150451183319092
10700
16.185285568237305
10800
16.370437145233154
10900
16.42122173309326
11000
16.229658365249634
11100
16.361165285110474
11200
16.310253143310547
11300
16.114206075668335
11400
16.246739864349365
11500
16.312930822372437
11600
16.397891521453857
11700
16.470940828323364
11800
16.522872924804688
11900
16.211803197860718
12000
16.354390621185303
12100
16.316980838775635
12200
16.304214000701904
12300
16.206990003585815
12400
16.326555252075195
12500
16.44527578353882
12600
16.218352556228638
12700
16.258766889572144
12800
16.324167013168335
12900
16.226322889328003
13000
16.298421382904053
13100
16.319770336151123
13200
16.220574378967285
13300
16.25148034095764
13400
16.37943410873413
13500
16.34498643875122
13600
16.301021099090576
13700
16.313686847686768
13800
16.28235363960266
13900
16.242090940475464
14000
16.238646507263184
14100
16.217102766036987
14200
16.232187271118164
14300
16.247180223464966
14400
16.198119640350342
14500
16.208555936813354
14600
16.503849744796753
14700
16.313934564590454
14800
16.26563572883606
14900
16.284011840820312
15000
16.22648811340332
15100
16.233039617538452
15200
16.203943967819214
15300
16.38215923309326
15400
16.25643563270569
15500
16.155287981033325
15600
16.17035698890686
15700
16.21949076652527
15800
16.185251474380493
15900
16.268301486968994
16000
16.10931634902954
16100
16.263952016830444
16200
16.27203917503357
16300
16.30068349838257
16400
16.37468409538269
16500
16.53764581680298
16600
16.239936590194702
16700
16.11397647857666
16800
16.269010305404663
16900
16.112465858459473
17000
16.280088901519775
17100
16.249676942825317
17200
16.232868909835815
17300
16.47106671333313
17400
16.221216440200806
17500
16.318381547927856
17600
16.252748250961304
17700
16.321078777313232
17800
16.188950538635254
17900
16.52021813392639
18000
16.313724756240845
18100
16.373400449752808
18200
16.14365577697754
18300
16.388588428497314
18400
16.138732194900513
18500
16.174365520477295
18600
16.330111980438232
18700
16.3223876953125
18800
16.44430947303772
18900
16.348178386688232
19000
16.366197109222412
19100
16.390918016433716
19200
16.248143911361694
19300
16.26722812652588
19400
16.3252911567688
19500
16.38392186164856
19600
16.23701310157776
19700
16.330522537231445
19800
16.42767596244812
19900
16.283329248428345
20000
16.251138925552368
20100
16.26867365837097
20200
16.322750329971313
20300
16.238080978393555
20400
16.238993883132935
20500
16.377585649490356
20600
16.314763069152832
20700
16.308051586151123
20800
16.24374485015869
20900
16.262560606002808
21000
16.30048680305481
21100
16.26423931121826
21200
16.272979974746704
21300
16.25837254524231
21400
16.314828872680664
21500
16.524734497070312
21600
16.285332202911377
21700
16.430408239364624
21800
16.33789610862732
21900
16.238048553466797
22000
16.310715913772583
22100
16.206105947494507
22200
16.238917589187622
22300
16.43075966835022
22400
16.341482877731323
22500
16.358851194381714
22600
16.157776832580566
22700
16.257215976715088
22800
16.25584602355957
22900
16.302490234375
23000
16.31506633758545
23100
16.3767991065979
23200
16.301676273345947
23300
16.203956127166748
23400
16.338184356689453
23500
16.28662943840027
23600
16.227219581604004
23700
16.328689098358154
23800
16.353816747665405
23900
16.33423614501953
24000
16.302010774612427
24100
16.598827123641968
24200
16.369945287704468
24300
16.42531180381775
24400
16.270315647125244
24500
16.48171854019165
24600
16.176076412200928
24700
16.294365167617798
24800
16.298574686050415
24900
16.393846035003662
25000
16.4796359539032
25100
16.220269441604614
25200
16.267048358917236
25300
16.354427576065063
25400
16.227113008499146
25500
16.183696746826172
25600
16.53597593307495
25700
16.357617378234863
25800
16.1744327545166
25900
16.196409940719604
26000
16.30900001525879
26100
16.132722854614258
26200
16.225391626358032
26300
16.188462018966675
26400
16.17154622077942
26500
16.217633485794067
26600
16.069047451019287
26700
16.380377769470215
26800
16.245614290237427
26900
16.238489151000977
27000
16.277912139892578
27100
16.325139045715332
27200
16.296985864639282
27300
16.26688528060913
27400
16.14355158805847
27500
16.38724422454834
27600
16.59991455078125
27700
16.3740816116333
27800
16.265458583831787
27900
16.428313970565796
28000
16.381826639175415
28100
16.283143043518066
28200
16.556615114212036
28300
16.42148470878601
28400
16.407639503479004
28500
16.393199682235718
28600
16.485032320022583
28700
16.312901973724365
28800
16.368428230285645
28900
16.404176950454712
29000
16.22968626022339
29100
16.48498034477234
29200
16.6326322555542
29300
16.42388653755188
29400
16.334667205810547
29500
16.200978994369507
29600
16.41949439048767
29700
16.42040181159973
29800
16.233838081359863
29900
16.43274426460266
30000
16.29700779914856
30100
16.301217794418335
30200
16.29856276512146
30300
16.11600637435913
30400
16.338939905166626
30500
16.31255578994751
30600
16.384071826934814
30700
16.34432601928711
30800
16.210043907165527
30900
16.327131271362305
31000
16.198602199554443
31100
16.279059648513794
31200
16.31208372116089
31300
16.309696674346924
31400
16.321471214294434
31500
16.378408432006836
31600
16.274399042129517
31700
16.090927839279175
31800
16.304898500442505
31900
16.121690273284912
32000
16.348607778549194
32100
16.481648206710815
32200
16.371002674102783
32300
16.168465852737427
32400
16.399892807006836
32500
16.155826568603516
32600
16.301469087600708
32700
16.65858268737793
32800
16.568835973739624
32900
16.227580547332764
33000
16.37792158126831
33100
16.295838117599487
33200
16.37472176551819
33300
16.18693733215332
33400
16.280999898910522
33500
16.41516637802124
33600
16.122431755065918
33700
16.398223638534546
33800
16.196130990982056
33900
16.436236143112183
34000
16.467525482177734
34100
16.17030692100525
34200
16.326194763183594
34300
16.26087999343872
34400
16.65429711341858
34500
16.307135820388794
34600
16.24281907081604
34700
16.428966522216797
34800
16.28994393348694
34900
16.563451766967773
35000
16.374265909194946
35100
16.229533672332764
35200
16.233104467391968
35300
16.030730724334717
35400
16.217008590698242
35500
16.06483817100525
35600
16.018731117248535
35700
16.406521797180176
35800
16.033849954605103
35900
16.25349760055542
36000
16.055054187774658
36100
16.089346647262573
36200
16.247647047042847
36300
16.094637155532837
36400
16.114964246749878
36500
16.32791519165039
36600
16.238802194595337
36700
16.290799140930176
36800
16.294811725616455
36900
16.12342643737793
37000
16.116968631744385
37100
16.295227527618408
37200
16.312225580215454
37300
16.332557678222656
37400
16.4013991355896
37500
16.249146699905396
37600
16.291796684265137
37700
16.418833017349243
37800
16.235405683517456
37900
16.44675087928772
38000
16.368162631988525
38100
16.403430938720703
38200
16.315462827682495
38300
16.317286252975464
38400
16.448360919952393
38500
16.532187938690186
38600
16.367220640182495
38700
16.34148097038269
38800
16.45764970779419
38900
16.35494065284729
39000
16.270506143569946
39100
16.31788992881775
39200
16.54787039756775
39300
16.257043838500977
39400
16.313411712646484
39500
16.344284534454346
39600
16.652247667312622
39700
16.35647463798523
39800
16.43816614151001
39900
16.355388641357422
40000
16.394165992736816
40100
16.324421405792236
40200
16.20438265800476
40300
16.232872486114502
40400
16.44591522216797
40500
16.126593589782715
40600
16.104242086410522
40700
16.153950691223145
40800
16.393028497695923
40900
16.404649257659912
41000
16.187148332595825
41100
16.153949975967407
41200
16.151838302612305
41300
16.411882162094116
41400
16.274462938308716
41500
16.18689465522766
41600
16.19181513786316
41700
16.2049081325531
41800
16.52937602996826
41900
16.225706100463867
42000
16.240450859069824
42100
16.23824119567871
42200
16.204416275024414
42300
16.369871854782104
42400
16.436832427978516
42500
16.25027346611023
42600
16.32667350769043
42700
16.233092308044434
42800
16.222442388534546
42900
16.48340940475464
43000
16.26423692703247
43100
16.603673934936523
43200
16.210703134536743
43300
16.262942790985107
43400
16.200276374816895
43500
16.168995141983032
43600
16.406702995300293
43700
16.23139715194702
43800
16.2415714263916
43900
16.376118183135986
44000
16.528618335723877
44100
16.24729061126709
44200
16.31079125404358
44300
16.340409755706787
44400
16.49316120147705
44500
16.351861476898193
44600
16.427356481552124
44700
16.441076040267944
44800
16.32554602622986
44900
16.31613254547119
45000
16.416857481002808
45100
16.22000527381897
45200
16.310725927352905
45300
16.484078407287598
45400
16.211248636245728
45500
16.214526653289795
45600
16.121556043624878
45700
16.209250450134277
45800
16.19063901901245
45900
16.15776228904724
46000
16.410844326019287
46100
16.230281829833984
46200
16.494033098220825
46300
16.18435549736023
46400
16.29241633415222
46500
16.230626344680786
46600
16.24170970916748
46700
16.199360609054565
46800
16.224955320358276
46900
16.40452218055725
47000
16.311863660812378
47100
16.26554012298584
47200
16.309699058532715
47300
16.344152688980103
47400
16.270506143569946
47500
16.41290020942688
47600
16.58144187927246
47700
16.290706157684326
47800
16.27315330505371
47900
16.281892776489258
48000
16.395342588424683
48100
16.30948305130005
48200
16.371313333511353
48300
16.22464394569397
48400
16.185827493667603
48500
16.234196662902832
48600
16.349135398864746
48700
16.314592599868774
48800
16.27277445793152
48900
16.200894355773926
49000
16.251352310180664
49100
16.678704500198364
49200
16.277065992355347
49300
16.316601037979126
49400
16.260785341262817
49500
16.32859444618225
49600
16.34781527519226
49700
16.269593238830566
49800
16.333199977874756
49900
16.438681840896606
50000
16.289231777191162
50100
16.38109302520752
50200
16.285229444503784
50300
16.143287181854248
50400
16.321308374404907
50500
16.226702451705933
50600
16.344096183776855
50700
16.307225465774536
50800
16.15844416618347
50900
16.12774395942688
51000
16.20872139930725
51100
16.26875138282776
51200
16.45914888381958
51300
16.290601015090942
51400
16.29978108406067
51500
16.268396615982056
51600
16.259549856185913
51700
16.244902849197388
51800
16.227361917495728
51900
16.30453848838806
52000
16.284942865371704
52100
16.531808376312256
52200
16.252819299697876
52300
16.262232303619385
52400
16.363505363464355
52500
16.33426809310913
52600
16.24302864074707
52700
16.56585431098938
52800
16.371661901474
52900
16.29353618621826
53000
16.334723711013794
53100
16.34066152572632
53200
16.274908781051636
53300
16.476239442825317
53400
16.185418367385864
53500
16.34011220932007
53600
16.412911415100098
53700
16.340701818466187
53800
16.34020733833313
53900
16.44518280029297
54000
16.29423499107361
54100
16.337412357330322
54200
16.364667177200317
54300
16.554461002349854
54400
16.244916200637817
54500
16.224807500839233
54600
16.366976261138916
54700
16.361395120620728
54800
16.217608213424683
54900
15.997290849685669
55000
16.452633380889893
55100
16.177841663360596
55200
16.1109402179718
55300
16.10848593711853
55400
16.145292043685913
55500
16.132910013198853
55600
16.333721160888672
55700
16.211851596832275
55800
16.296266317367554
55900
16.18148946762085
56000
16.274312019348145
56100
16.259801864624023
56200
15.953890323638916
56300
16.538514852523804
56400
16.31675958633423
56500
16.28455400466919
56600
16.313969135284424
56700
16.313299417495728
56800
16.340627193450928
56900
16.28184175491333
57000
16.307924032211304
57100
16.287543058395386
57200
16.0523099899292
57300
16.632997035980225
57400
16.301515102386475
57500
16.332690000534058
57600
16.210774183273315
57700
16.24952793121338
57800
16.300743103027344
57900
16.616060733795166
58000
16.020034074783325
58100
16.296879529953003
58200
16.489376068115234
58300
16.440650701522827
58400
16.29552984237671
58500
16.4867525100708
58600
16.34748148918152
58700
16.401967763900757
58800
16.2200608253479
58900
16.39937448501587
59000
16.392101049423218
59100
16.318561792373657
59200
16.358718156814575
59300
16.400781393051147
59400
16.54563069343567
59500
16.141521215438843
59600
16.363751888275146
59700
16.393951416015625
59800
16.33680772781372
59900
16.36017632484436
60000
16.402762174606323
60100
16.48293423652649
60200
16.25631856918335
60300
16.28990626335144
60400
16.3772394657135
60500
16.32763957977295
60600
16.39655065536499
60700
16.61996340751648
60800
16.514179468154907
60900
16.107552528381348
61000
16.328709363937378
61100
16.322170734405518
61200
16.33652687072754
61300
16.37117862701416
61400
16.363322496414185
61500
16.301496982574463
61600
16.321648120880127
61700
16.314056634902954
61800
16.35543942451477
61900
16.35110354423523
62000
16.257063627243042
62100
16.041367292404175
62200
16.423696041107178
62300
16.359944820404053
62400
16.503018856048584
62500
16.317785263061523
62600
16.12038803100586
62700
16.480555772781372
62800
16.39316201210022
62900
16.3195583820343
63000
16.489254236221313
63100
16.38691258430481
63200
16.154330253601074
63300
16.495972156524658
63400
16.45682454109192
63500
16.422508001327515
63600
16.576438426971436
63700
16.350334882736206
63800
16.355924367904663
63900
16.46435856819153
64000
16.44084405899048
64100
16.5014545917511
64200
16.237314701080322
64300
16.566795110702515
64400
16.39812707901001
64500
16.308143615722656
64600
16.68275809288025
64700
16.057687520980835
64800
16.43381381034851
64900
16.37470293045044
65000
16.358702182769775
65100
15.987823963165283
65200
16.360856533050537
65300
16.55390191078186
65400
16.343008756637573
65500
16.445970058441162
65600
16.257981777191162
65700
16.373401880264282
65800
16.29675054550171
65900
16.528738975524902
66000
16.286802768707275
66100
15.996555089950562
66200
16.275115489959717
66300
16.192804098129272
66400
16.278030157089233
66500
15.988164901733398
66600
16.413153409957886
66700
16.5015811920166
66800
16.248421669006348
66900
16.222090482711792
67000
15.966457843780518
67100
16.252683877944946
67200
16.305166959762573
67300
16.288742780685425
67400
16.204378366470337
67500
16.493115663528442
67600
16.29839825630188
67700
16.236420154571533
67800
15.926262617111206
67900
16.2247097492218
68000
16.232879877090454
68100
16.25701928138733
68200
15.980518102645874
68300
16.413997411727905
68400
16.24480962753296
68500
16.467684745788574
68600
16.056097984313965
68700
16.41578221321106
68800
16.42018961906433
68900
16.330668687820435
69000
15.98055648803711
69100
16.266616821289062
69200
16.25171184539795
69300
16.278629779815674
69400
15.963102102279663
69500
16.273837089538574
69600
16.33776044845581
69700
16.266152143478394
69800
16.033117294311523
69900
16.31557011604309
70000
16.286938190460205
70100
16.23285150527954
70200
15.908300876617432
70300
16.168184757232666
70400
16.226170539855957
70500
15.926277160644531
70600
16.287222385406494
70700
16.292540311813354
70800
16.23813509941101
70900
15.97426176071167
71000
16.618449211120605
71100
16.44236421585083
71200
16.429444074630737
71300
16.028706789016724
71400
16.320762395858765
71500
16.238539457321167
71600
15.965736865997314
71700
16.323741674423218
71800
16.61091899871826
71900
16.279590845108032
72000
15.983600616455078
72100
16.290460348129272
72200
16.28995633125305
72300
16.277798652648926
72400
15.970947980880737
72500
16.26322889328003
72600
16.475730180740356
72700
16.232059001922607
72800
16.313701152801514
72900
16.30048179626465
73000
15.981638669967651
73100
16.330291986465454
73200
16.274219274520874
73300
16.521210432052612
73400
16.055670976638794
73500
16.325897932052612
73600
16.280126333236694
73700
16.025349378585815
73800
16.293999433517456
73900
16.293983936309814
74000
16.453980922698975
74100
16.01193070411682
74200
16.32377004623413
74300
16.28835940361023
74400
15.986594676971436
74500
16.277690172195435
74600
16.294636726379395
74700
15.94459319114685
74800
16.324454307556152
74900
16.51313352584839
75000
16.04048776626587
75100
16.23255467414856
75200
16.23630452156067
75300
15.944179058074951
75400
16.333206176757812
75500
16.246553897857666
75600
16.216073513031006
75700
16.181208848953247
75800
16.217273235321045
75900
16.234029054641724
76000
15.920900583267212
76100
16.195672512054443
76200
16.391620874404907
76300
15.895260095596313
76400
16.276308059692383
76500
16.380339860916138
76600
15.99473524093628
76700
16.301550149917603
76800
16.33725881576538
76900
15.989372253417969
77000
16.706084966659546
77100
16.578234910964966
77200
16.127312421798706
77300
16.400264501571655
77400
16.391306400299072
77500
16.10632872581482
77600
16.548030614852905
77700
16.50575852394104
77800
16.156567096710205
77900
16.60184597969055
78000
16.461435079574585
78100
16.11909580230713
78200
16.555021286010742
78300
16.487754106521606
78400
16.157996654510498
78500
16.660423040390015
78600
16.421549081802368
78700
16.0976984500885
78800
16.446282148361206
78900
16.47214102745056
79000
16.15371823310852
79100
16.46994376182556
79200
16.759470224380493
79300
16.099352598190308
79400
16.444199800491333
79500
16.388664722442627
79600
16.04275345802307
79700
16.482778310775757
79800
16.43073868751526
79900
16.027727127075195
80000
16.340210437774658
80100
16.4870867729187
80200
15.921694040298462
80300
16.32620143890381
80400
15.94633412361145
80500
16.209853410720825
80600
16.219670295715332
80700
15.88945198059082
80800
16.451015949249268
80900
16.50742244720459
81000
16.007916688919067
81100
16.31284737586975
81200
16.306357383728027
81300
15.991786241531372
81400
16.54646873474121
81500
16.47898292541504
81600
16.281840085983276
81700
16.50835394859314
81800
16.18059492111206
81900
16.574089765548706
82000
16.474910259246826
82100
16.310723304748535
82200
16.42361831665039
82300
16.4508056640625
82400
16.062479972839355
82500
16.48085045814514
82600
16.435222387313843
82700
16.04522943496704
82800
16.50478172302246
82900
16.198163747787476
83000
16.711873769760132
83100
16.55908465385437
83200
16.09740710258484
83300
16.41615605354309
83400
16.404324054718018
83500
16.06617760658264
83600
16.5671489238739
83700
16.21286916732788
83800
16.424540758132935
83900
16.46555781364441
84000
16.197702407836914
84100
16.502744913101196
84200
16.06457233428955
84300
16.58813238143921
84400
16.43300700187683
84500
16.196105003356934
84600
16.54866600036621
84700
16.497689723968506
84800
16.13550591468811
84900
16.48845338821411
85000
16.119874715805054
85100
16.36236023902893
85200
16.51082134246826
85300
16.07660150527954
85400
16.361353635787964
85500
16.037322282791138
85600
16.29312491416931
85700
16.42455244064331
85800
15.915346622467041
85900
16.386053323745728
86000
16.07724118232727
86100
16.492180109024048
86200
16.58180332183838
86300
16.04768943786621
86400
16.540586233139038
86500
16.458080530166626
86600
16.183428287506104
86700
16.56869602203369
86800
16.067305088043213
86900
16.747156381607056
87000
16.49737524986267
87100
16.189091444015503
87200
16.446770668029785
87300
16.146219491958618
87400
16.568594932556152
87500
16.52377724647522
87600
16.10518503189087
87700
16.469448804855347
87800
16.339277744293213
87900
16.50138568878174
88000
16.039341926574707
88100
16.50627613067627
88200
16.436283111572266
88300
16.169400215148926
88400
16.580164670944214
88500
16.394585132598877
88600
16.582640171051025
88700
16.4801344871521
88800
16.193845987319946
88900
16.5846905708313
89000
16.195810079574585
89100
16.805443048477173
89200
16.612350702285767
89300
16.185813188552856
89400
16.528618097305298
89500
16.10135245323181
89600
16.5239474773407
89700
16.179726123809814
89800
16.962490558624268
89900
16.808087825775146
90000
16.868877410888672
90100
16.708579540252686
90200
16.0425865650177
90300
16.37381649017334
90400
16.401296377182007
90500
16.035521030426025
90600
16.3572416305542
90700
16.140567779541016
90800
16.52894639968872
90900
16.046407222747803
91000
16.469493865966797
91100
16.41939091682434
91200
16.03567099571228
91300
16.487367153167725
91400
16.254066705703735
91500
16.42482566833496
91600
15.944944143295288
91700
16.36869978904724
91800
16.25400400161743
91900
15.944950819015503
92000
16.499265432357788
92100
16.026716709136963
92200
16.29953646659851
92300
15.915132761001587
92400
16.336217164993286
92500
16.383726596832275
92600
15.956080436706543
92700
16.33955192565918
92800
15.944456577301025
92900
16.578420639038086
93000
15.947840213775635
93100
16.367515563964844
93200
16.011879205703735
93300
16.399681329727173
93400
16.35671091079712
93500
15.964358806610107
93600
16.3464515209198
93700
16.250226974487305
93800
16.39337730407715
93900
16.034114360809326
94000
16.48933744430542
94100
16.101624727249146
94200
16.544309854507446
94300
16.47687602043152
94400
16.075098752975464
94500
16.545250177383423
94600
16.344079971313477
94700
16.58731484413147
94800
16.186882734298706
94900
16.51361632347107
95000
16.180067777633667
95100
16.383398056030273
95200
16.407296419143677
95300
16.037145137786865
95400
16.325117588043213
95500
16.055856704711914
95600
16.3877432346344
95700
15.88665771484375
95800
16.304542779922485
95900
15.906047582626343
96000
16.313549518585205
96100
15.899258375167847
96200
16.373128652572632
96300
16.543096780776978
96400
15.915632724761963
96500
16.368728637695312
96600
15.945492029190063
96700
16.336281776428223
96800
15.933156251907349
96900
16.357941389083862
97000
15.928493738174438
97100
16.344542503356934
97200
16.22858452796936
97300
16.388767957687378
97400
16.5109965801239
97500
16.039714574813843
97600
16.415379285812378
97700
15.983006954193115
97800
16.370582103729248
97900
15.968310356140137
98000
16.411924362182617
98100
16.141953706741333
98200
16.39654016494751
98300
16.02972674369812
98400
16.417365789413452
98500
16.196572065353394
98600
16.387340784072876
98700
15.956949710845947
98800
16.424729585647583
98900
16.57054901123047
99000
16.0011043548584
99100
16.406078100204468
99200
16.012653350830078
99300
16.408242225646973
99400
15.97019100189209
99500
16.399011850357056
99600
15.992153406143188
99700
16.403010368347168
99800
16.235411643981934
99900
16.44612407684326
100000
15.996450662612915
100100
16.321829795837402
100200
16.02346706390381
100300
16.414926767349243
100400
15.897503137588501
100500
16.3382089138031
100600
15.913420677185059
100700
16.501632928848267
100800
15.96245789527893
100900
16.356940746307373
101000
16.274309396743774
101100
15.941532850265503
101200
16.276185750961304
101300
15.870235204696655
101400
16.31667995452881
101500
16.082557678222656
101600
16.29653549194336
101700
15.872638463973999
101800
16.299934148788452
101900
15.847419738769531
102000
16.28590965270996
102100
15.910345077514648
102200
16.360766649246216
102300
15.93120265007019
102400
16.671746730804443
102500
15.934760332107544
102600
16.37765645980835
102700
15.933910608291626
102800
16.408632516860962
102900
15.951972484588623
103000
16.533350944519043
103100
15.954101800918579
103200
16.41167664527893
103300
16.18561029434204
103400
16.396983861923218
103500
15.939212799072266
103600
16.452143907546997
103700
15.963179111480713
103800
16.43971872329712
103900
15.953617095947266
104000
16.46732473373413
104100
16.05941939353943
104200
16.408416509628296
104300
16.05812168121338
104400
16.49217987060547
104500
16.051613092422485
104600
16.51086950302124
104700
16.05154013633728
104800
16.507596015930176
104900
16.045156955718994
105000
16.664963722229004
105100
15.991537809371948
105200
16.42269802093506
105300
15.83420443534851
105400
16.415465116500854
105500
15.858155727386475
105600
16.308762073516846
105700
15.88470458984375
105800
16.73656702041626
105900
16.246047258377075
106000
16.444352626800537
106100
16.011956691741943
106200
16.44923186302185
106300
15.951822996139526
106400
16.355467796325684
106500
16.004491090774536
106600
16.64028787612915
106700
16.057446241378784
106800
16.46708369255066
106900
15.984886646270752
107000
16.456220626831055
107100
15.992890119552612
107200
16.48249387741089
107300
15.983156442642212
107400
16.403222799301147
107500
16.03684163093567
107600
16.828183889389038
107700
16.04759454727173
107800
16.479254722595215
107900
16.138941764831543
108000
16.549848079681396
108100
16.135619640350342
108200
16.526512622833252
108300
16.0289466381073
108400
16.627334117889404
108500
16.345319032669067
108600
16.677828788757324
108700
16.232962131500244
108800
16.569725513458252
108900
16.034571886062622
109000
16.50781536102295
109100
16.020877361297607
109200
