['E2_lc.fits']
E2_lc.fits
126068
0
16.322353839874268
100
16.55187964439392
200
16.308945894241333
300
16.239830493927002
400
16.218647480010986
500
16.32811403274536
600
16.307801961898804
700
16.208500146865845
800
16.24556851387024
900
16.434770345687866
1000
16.27065086364746
1100
16.207499265670776
1200
16.243847131729126
1300
16.181586027145386
1400
16.38640069961548
1500
16.388360738754272
1600
16.40410828590393
1700
16.188708305358887
1800
16.616135120391846
1900
16.191826581954956
2000
16.178154230117798
2100
16.238362550735474
2200
16.18720245361328
2300
16.220540285110474
2400
16.51003646850586
2500
16.209771394729614
2600
16.233032703399658
2700
16.188318967819214
2800
16.28682804107666
2900
16.495357513427734
3000
16.426027297973633
3100
16.551591396331787
3200
16.28603458404541
3300
16.216021299362183
3400
16.245319604873657
3500
16.242098569869995
3600
16.2191641330719
3700
16.211816787719727
3800
16.2656307220459
3900
16.31537437438965
4000
16.58554768562317
4100
16.22305393218994
4200
16.238324880599976
4300
16.25721788406372
4400
16.306057929992676
4500
16.321998834609985
4600
16.353688955307007
4700
16.42434024810791
4800
16.570844888687134
4900
16.448358058929443
5000
16.436017274856567
5100
16.26845669746399
5200
16.3817355632782
5300
16.53143048286438
5400
16.330427646636963
5500
16.213578462600708
5600
16.14208984375
5700
16.373714208602905
5800
16.144248008728027
5900
16.06431555747986
6000
16.114502668380737
6100
16.036487579345703
6200
16.077865600585938
6300
16.033181190490723
6400
16.103602409362793
6500
16.20071029663086
6600
16.5073983669281
6700
16.19275951385498
6800
16.203205108642578
6900
16.174386262893677
7000
16.270925998687744
7100
16.361518144607544
7200
16.3636155128479
7300
16.475725650787354
7400
16.182491540908813
7500
16.39489459991455
7600
16.306257486343384
7700
16.31794047355652
7800
16.305357694625854
7900
16.32315492630005
8000
16.19830012321472
8100
16.13833522796631
8200
16.20844054222107
8300
16.496617078781128
8400
16.3202702999115
8500
16.186935901641846
8600
16.17196035385132
8700
16.18938374519348
8800
16.22694206237793
8900
16.221750736236572
9000
16.204242706298828
9100
16.205050230026245
9200
16.454468250274658
9300
16.183062076568604
9400
16.199573516845703
9500
16.211437702178955
9600
16.19855499267578
9700
16.23921489715576
9800
16.24342155456543
9900
16.38544797897339
10000
16.164018869400024
10100
16.13022756576538
10200
16.099242687225342
10300
16.079219102859497
10400
16.089726209640503
10500
16.03300905227661
10600
16.092726469039917
10700
16.0721697807312
10800
16.159276247024536
10900
16.26723551750183
11000
16.15790557861328
11100
16.164584398269653
11200
16.444077491760254
11300
16.308531999588013
11400
16.409972667694092
11500
16.247756719589233
11600
16.379719495773315
11700
16.288068771362305
11800
16.514012336730957
11900
16.293362140655518
12000
16.41325831413269
12100
16.479817152023315
12200
16.34448218345642
12300
16.407846450805664
12400
16.66629672050476
12500
16.590975999832153
12600
16.306435585021973
12700
16.419135093688965
12800
16.385379314422607
12900
16.258148908615112
13000
16.324581623077393
13100
16.358018159866333
13200
16.41331934928894
13300
16.368505716323853
13400
16.514268159866333
13500
16.376033067703247
13600
16.346675634384155
13700
16.390886306762695
13800
16.388951301574707
13900
16.314480781555176
14000
16.49004888534546
14100
16.294091939926147
14200
16.332140922546387
14300
16.53709363937378
14400
16.318877935409546
14500
16.394861698150635
14600
16.351623058319092
14700
16.363523960113525
14800
16.277469873428345
14900
16.32685899734497
15000
16.215001583099365
15100
16.184049606323242
15200
16.23625612258911
15300
16.321051836013794
15400
16.218587636947632
15500
16.20719337463379
15600
16.199151277542114
15700
16.157646894454956
15800
16.060832977294922
15900
16.091427087783813
16000
16.106609344482422
16100
16.158594608306885
16200
16.040818691253662
16300
16.18902277946472
16400
16.423521995544434
16500
16.238502025604248
16600
16.06160879135132
16700
16.276046752929688
16800
16.187873363494873
16900
16.270256757736206
17000
16.162964582443237
17100
16.118000745773315
17200
16.260560989379883
17300
16.38689613342285
17400
16.18816065788269
17500
16.12042546272278
17600
16.21811079978943
17700
16.11973524093628
17800
16.2276713848114
17900
16.33321738243103
18000
16.246299982070923
18100
16.136194705963135
18200
16.302109718322754
18300
16.25155997276306
18400
16.292184829711914
18500
16.14913535118103
18600
16.178355932235718
18700
16.2608962059021
18800
16.152381420135498
18900
16.16148567199707
19000
16.459986925125122
19100
16.170822381973267
19200
16.146902561187744
19300
16.26000666618347
19400
16.267565488815308
19500
16.409756422042847
19600
16.31419348716736
19700
16.199607133865356
19800
16.418471097946167
19900
16.224777221679688
20000
16.24790644645691
20100
16.0790433883667
20200
16.16088891029358
20300
16.0955593585968
20400
16.21090292930603
20500
16.335963487625122
20600
16.167479991912842
20700
16.1178560256958
20800
16.423282623291016
20900
16.14308261871338
21000
16.135936498641968
21100
16.112069606781006
21200
16.138216733932495
21300
16.333540439605713
21400
16.132020473480225
21500
16.1651132106781
21600
16.309361457824707
21700
16.160732984542847
21800
16.205854892730713
21900
16.186397552490234
22000
16.326843738555908
22100
16.210439205169678
22200
16.155372858047485
22300
16.30275821685791
22400
16.15838885307312
22500
16.411306142807007
22600
16.156537771224976
22700
16.177586317062378
22800
16.163712978363037
22900
16.177322387695312
23000
16.187805891036987
23100
16.512049436569214
23200
16.422236919403076
23300
16.305819988250732
23400
16.333154678344727
23500
16.452232122421265
23600
16.30946183204651
23700
16.278998136520386
23800
16.210361003875732
23900
16.247697114944458
24000
16.24154257774353
24100
16.442394971847534
24200
16.324527263641357
24300
16.25036859512329
24400
16.231356382369995
24500
16.26716661453247
24600
16.238763570785522
24700
16.277282238006592
24800
16.238890647888184
24900
16.299249410629272
25000
16.059620141983032
25100
16.390953302383423
25200
16.10952115058899
25300
16.134371995925903
25400
16.146453142166138
25500
16.14808702468872
25600
16.120296716690063
25700
16.32967972755432
25800
16.063889026641846
25900
16.15242314338684
26000
16.319835424423218
26100
16.395962953567505
26200
16.287878036499023
26300
16.37806797027588
26400
16.270771741867065
26500
16.43713641166687
26600
16.44079875946045
26700
16.685794830322266
26800
16.06581425666809
26900
16.227842330932617
27000
16.215753078460693
27100
16.264909267425537
27200
16.12933874130249
27300
16.222941875457764
27400
16.26093888282776
27500
16.242985486984253
27600
16.091498374938965
27700
16.460458517074585
27800
16.29491686820984
27900
16.386507034301758
28000
16.1319580078125
28100
16.271122217178345
28200
16.279924869537354
28300
16.514137983322144
28400
16.37278938293457
28500
16.343117237091064
28600
16.301196336746216
28700
16.418762683868408
28800
16.29887342453003
28900
16.19477367401123
29000
16.26631236076355
29100
16.190635442733765
29200
16.293636083602905
29300
16.465461015701294
29400
16.139831066131592
29500
16.284730911254883
29600
16.276601314544678
29700
16.13224768638611
29800
16.267662048339844
29900
16.095759868621826
30000
16.240193605422974
30100
16.152589797973633
30200
16.01348328590393
30300
16.159860372543335
30400
16.058186054229736
30500
16.160669565200806
30600
16.373628854751587
30700
15.984900951385498
30800
16.140127658843994
30900
15.992868661880493
31000
16.158003091812134
31100
16.045872926712036
31200
16.223350286483765
31300
16.241814851760864
31400
16.25522017478943
31500
16.575690269470215
31600
16.243824243545532
31700
16.407291650772095
31800
16.16323471069336
31900
16.324870824813843
32000
16.158945083618164
32100
16.28799557685852
32200
16.297029495239258
32300
16.385782957077026
32400
16.191734790802002
32500
16.37886691093445
32600
16.261615991592407
32700
16.254013299942017
32800
16.320411920547485
32900
16.390930652618408
33000
16.209414958953857
33100
16.383397579193115
33200
16.238592624664307
33300
16.24427366256714
33400
16.668715000152588
33500
16.356125593185425
33600
16.513407945632935
33700
16.370479822158813
33800
16.43872046470642
33900
16.345117330551147
34000
16.295002460479736
34100
16.453609704971313
34200
16.239527940750122
34300
16.438908338546753
34400
16.271686792373657
34500
16.75868535041809
34600
16.32546305656433
34700
16.33385729789734
34800
16.52143907546997
34900
16.571977138519287
35000
16.48524236679077
35100
16.38085651397705
35200
16.204816818237305
35300
16.365331411361694
35400
16.25966191291809
35500
16.21535611152649
35600
16.273916721343994
35700
16.09403920173645
35800
16.379793167114258
35900
16.14495038986206
36000
16.13412833213806
36100
16.43916392326355
36200
16.121790885925293
36300
16.19056534767151
36400
16.513324975967407
36500
16.318832397460938
36600
16.278215408325195
36700
16.882434606552124
36800
16.33576226234436
36900
16.57732629776001
37000
16.27909207344055
37100
16.27730393409729
37200
16.297026872634888
37300
16.727633476257324
37400
16.29322910308838
37500
16.23833990097046
37600
16.474114894866943
37700
16.288640022277832
37800
16.20053791999817
37900
16.474570512771606
38000
16.56407594680786
38100
16.264527320861816
38200
16.519508838653564
38300
16.24032473564148
38400
16.255268335342407
38500
16.234556436538696
38600
16.663401126861572
38700
16.253393173217773
38800
16.25500202178955
38900
16.373369932174683
39000
16.44909358024597
39100
16.1328604221344
39200
16.140126943588257
39300
16.215434312820435
39400
16.34316897392273
39500
16.178550958633423
39600
16.545628547668457
39700
16.286277770996094
39800
16.449730396270752
39900
16.240694046020508
40000
16.345913648605347
40100
16.271647691726685
40200
16.594850063323975
40300
16.31600570678711
40400
16.261853456497192
40500
16.164875030517578
40600
16.129132747650146
40700
16.492586851119995
40800
16.233214378356934
40900
16.378769874572754
41000
16.14143395423889
41100
16.393951892852783
41200
16.169275283813477
41300
16.188716888427734
41400
16.20564913749695
41500
16.259922981262207
41600
16.40907382965088
41700
16.194243907928467
41800
16.47775101661682
41900
16.23543357849121
42000
16.231852531433105
42100
16.46569800376892
42200
16.307447910308838
42300
16.291374921798706
42400
16.38312792778015
42500
16.3613178730011
42600
16.325849771499634
42700
16.50241756439209
42800
16.370288610458374
42900
16.356282949447632
43000
16.348737955093384
43100
16.581708192825317
43200
16.390050888061523
43300
16.594722747802734
43400
16.345508337020874
43500
16.29701542854309
43600
16.313477516174316
43700
16.44466471672058
43800
16.20951747894287
43900
16.302398681640625
44000
16.519161462783813
44100
16.545127153396606
44200
16.252018928527832
44300
16.203891038894653
44400
16.400707721710205
44500
16.16728949546814
44600
16.20191740989685
44700
16.30728816986084
44800
16.521923780441284
44900
16.525712966918945
45000
16.31482744216919
45100
16.208205461502075
45200
16.10326337814331
45300
16.41791343688965
45400
16.088973999023438
45500
16.102830410003662
45600
16.091016054153442
45700
16.100966453552246
45800
16.14648151397705
45900
16.352383136749268
46000
16.115212440490723
46100
16.544049739837646
46200
16.135222673416138
46300
16.15528178215027
46400
16.1436927318573
46500
16.13900876045227
46600
16.237796545028687
46700
16.17163372039795
46800
16.199903964996338
46900
16.170122146606445
47000
16.40861201286316
47100
16.407422304153442
47200
16.201562881469727
47300
16.189377069473267
47400
16.34686589241028
47500
16.28821063041687
47600
16.54772448539734
47700
16.334481239318848
47800
16.511642932891846
47900
16.413456201553345
48000
16.322431802749634
48100
16.386765956878662
48200
16.37605857849121
48300
16.52209496498108
48400
16.303800106048584
48500
16.284168481826782
48600
16.308062076568604
48700
16.224580764770508
48800
16.342527151107788
48900
16.303540229797363
49000
16.320471048355103
49100
16.294655561447144
49200
16.543789386749268
49300
16.34055995941162
49400
16.287349939346313
49500
16.30426597595215
49600
16.426934719085693
49700
16.333994388580322
49800
16.318596124649048
49900
16.49572253227234
50000
16.285656452178955
50100
16.223106861114502
50200
16.257699966430664
50300
16.21862483024597
50400
16.23348379135132
50500
16.66032338142395
50600
16.179891109466553
50700
16.199629068374634
50800
16.29316806793213
50900
16.217028617858887
51000
16.179087162017822
51100
16.314024925231934
51200
16.517386198043823
51300
16.326002836227417
51400
16.382497310638428
51500
16.29889488220215
51600
16.249074459075928
51700
16.27338671684265
51800
16.38018488883972
51900
16.35558772087097
52000
16.36428427696228
52100
16.467663049697876
52200
16.451579332351685
52300
16.34712505340576
52400
16.318665266036987
52500
16.44857954978943
52600
16.42464327812195
52700
16.64689803123474
52800
16.394211530685425
52900
16.375738382339478
53000
16.328960180282593
53100
16.298396587371826
53200
16.41697907447815
53300
16.203495740890503
53400
16.50363302230835
53500
16.211946964263916
53600
16.22989845275879
53700
16.245035886764526
53800
16.22494339942932
53900
15.976508378982544
54000
16.23353123664856
54100
16.216825008392334
54200
16.212578773498535
54300
16.490424633026123
54400
16.31667423248291
54500
16.3678879737854
54600
16.359175443649292
54700
16.290356159210205
54800
16.313082695007324
54900
16.340606689453125
55000
16.3602397441864
55100
16.42646551132202
55200
16.015050649642944
55300
16.26605200767517
55400
16.481035470962524
55500
16.295418977737427
55600
16.44613480567932
55700
16.1586811542511
55800
16.31019639968872
55900
16.38384437561035
56000
16.287786722183228
56100
16.29158353805542
56200
16.24905562400818
56300
16.25365900993347
56400
16.103686332702637
56500
16.23402738571167
56600
16.26064920425415
56700
16.285845041275024
56800
16.270437717437744
56900
16.32505989074707
57000
16.35083031654358
57100
16.291608333587646
57200
16.327947854995728
57300
16.59744095802307
57400
16.082273960113525
57500
16.34712839126587
57600
16.381980180740356
57700
16.39568328857422
57800
16.332871675491333
57900
16.462313175201416
58000
16.434741497039795
58100
16.315069675445557
58200
16.33338189125061
58300
16.355345726013184
58400
16.308248043060303
58500
16.270187616348267
58600
16.526601552963257
58700
16.526460886001587
58800
16.416324615478516
58900
16.395100593566895
59000
16.10491919517517
59100
16.44003653526306
59200
16.326603889465332
59300
16.33546471595764
59400
16.397136211395264
59500
16.675909757614136
59600
16.344339609146118
59700
16.03544569015503
59800
16.29761290550232
59900
16.35662317276001
60000
16.41305112838745
60100
16.370765209197998
60200
16.492443084716797
60300
16.010132551193237
60400
16.238765478134155
60500
16.129420280456543
60600
16.203461170196533
60700
16.229768991470337
60800
16.401790380477905
60900
16.18242335319519
61000
16.131639003753662
61100
16.30419611930847
61200
16.21415638923645
61300
16.33807110786438
61400
16.331019163131714
61500
16.568194150924683
61600
16.09354019165039
61700
16.36099863052368
61800
16.46324062347412
61900
16.44709348678589
62000
16.35598587989807
62100
16.383554935455322
62200
16.184590816497803
62300
16.45420265197754
62400
16.590644598007202
62500
16.52208924293518
62600
16.442554712295532
62700
16.076343059539795
62800
16.465282440185547
62900
16.366154432296753
63000
16.543506622314453
63100
16.682320594787598
63200
16.477060794830322
63300
16.139439821243286
63400
16.368982791900635
63500
16.434151887893677
63600
16.355464696884155
63700
16.610649347305298
63800
16.026971578598022
63900
16.40916895866394
64000
16.326414108276367
64100
16.349092483520508
64200
16.466224670410156
64300
16.10597062110901
64400
16.319968700408936
64500
16.331785917282104
64600
16.579495668411255
64700
16.115545749664307
64800
16.413567304611206
64900
16.282594680786133
65000
16.370510578155518
65100
16.215110778808594
65200
15.94975471496582
65300
16.22911500930786
65400
16.540486812591553
65500
16.338249444961548
65600
16.282357215881348
65700
16.054362058639526
65800
16.22203826904297
65900
16.401287078857422
66000
16.24785017967224
66100
16.104751586914062
66200
16.238322257995605
66300
16.219343185424805
66400
16.25259780883789
66500
16.3309109210968
66600
16.039764165878296
66700
16.61726212501526
66800
16.25649905204773
66900
16.335087299346924
67000
16.05872344970703
67100
16.327373504638672
67200
16.360767126083374
67300
16.325598001480103
67400
16.073781728744507
67500
16.316625595092773
67600
16.53624129295349
67700
16.39091157913208
67800
16.484890937805176
67900
16.1508526802063
68000
16.447211503982544
68100
16.48300290107727
68200
16.45949387550354
68300
16.23542881011963
68400
16.483497858047485
68500
16.441303968429565
68600
16.437601327896118
68700
16.108978271484375
68800
16.445956230163574
68900
16.487348079681396
69000
16.39296317100525
69100
16.123176336288452
69200
16.521604299545288
69300
16.355910539627075
69400
16.169742345809937
69500
16.387619972229004
69600
16.42871594429016
69700
16.32828378677368
69800
16.047852993011475
69900
16.417100429534912
70000
16.437679290771484
70100
16.306227684020996
70200
15.968953847885132
70300
16.30106282234192
70400
16.303988456726074
70500
16.396459102630615
70600
15.971624374389648
70700
16.32301115989685
70800
16.358155727386475
70900
16.426197290420532
71000
15.99459433555603
71100
16.52026391029358
71200
16.464396715164185
71300
16.100810289382935
71400
16.388914823532104
71500
16.405147552490234
71600
16.530962228775024
71700
16.17431354522705
71800
16.80155849456787
71900
16.508265256881714
72000
16.17194962501526
72100
16.47991418838501
72200
16.574124097824097
72300
16.480042457580566
72400
16.27578616142273
72500
16.35481333732605
72600
16.28138542175293
72700
16.196775197982788
72800
16.29580855369568
72900
16.297212839126587
73000
16.283390522003174
73100
15.981427431106567
73200
16.276998281478882
73300
16.33521580696106
73400
16.1359441280365
73500
16.290316820144653
73600
16.2750506401062
73700
15.9375638961792
73800
16.27473545074463
73900
16.243479251861572
74000
16.511287927627563
74100
15.981709480285645
74200
16.264751434326172
74300
16.259005308151245
74400
15.93687391281128
74500
16.282562255859375
74600
16.30551791191101
74700
15.923974514007568
74800
16.31489658355713
74900
16.543938875198364
75000
15.980716466903687
75100
16.218416452407837
75200
16.29323649406433
75300
16.234447956085205
75400
15.859503746032715
75500
16.199711799621582
75600
16.183270931243896
75700
16.04303741455078
75800
16.21020746231079
75900
16.20333480834961
76000
15.887874841690063
76100
16.23550534248352
76200
16.409000873565674
76300
15.882556200027466
76400
16.227886199951172
76500
16.195838451385498
76600
15.880087614059448
76700
16.220719814300537
76800
16.257729530334473
76900
15.918394327163696
77000
16.5555477142334
77100
16.309882164001465
77200
16.060298919677734
77300
16.28536057472229
77400
16.301703929901123
77500
16.031280517578125
77600
16.381874084472656
77700
16.298904180526733
77800
15.925436735153198
77900
16.522316455841064
78000
16.29595947265625
78100
16.01333475112915
78200
16.366012811660767
78300
16.360914945602417
78400
16.003339052200317
78500
16.48563814163208
78600
16.5614275932312
78700
16.06698203086853
78800
16.359594345092773
78900
16.453363180160522
79000
16.03937792778015
79100
16.32188129425049
79200
16.50871467590332
79300
15.954392194747925
79400
16.359232902526855
79500
16.315969705581665
79600
15.960306644439697
79700
16.31664776802063
79800
16.43199586868286
79900
16.175988912582397
80000
16.522504806518555
80100
16.577104806900024
80200
16.027572870254517
80300
16.51068615913391
80400
16.0581693649292
80500
16.403359174728394
80600
16.261777639389038
80700
15.921971082687378
80800
16.319360733032227
80900
16.590532302856445
81000
15.976315259933472
81100
16.3426570892334
81200
16.37589740753174
81300
15.942743301391602
81400
16.600321531295776
81500
16.30504560470581
81600
15.94048023223877
81700
16.289451837539673
81800
15.935911417007446
81900
16.302634477615356
82000
16.301257610321045
82100
15.937647581100464
82200
16.67717742919922
82300
16.313976287841797
82400
15.94404411315918
82500
16.383492469787598
82600
16.29546070098877
82700
16.015767097473145
82800
16.300184965133667
82900
15.943811416625977
83000
16.313093662261963
83100
16.745569229125977
83200
15.93575406074524
83300
16.311945915222168
83400
16.327755451202393
83500
15.993326425552368
83600
16.30794644355774
83700
16.25678777694702
83800
16.326617002487183
83900
16.322306156158447
84000
15.95990777015686
84100
16.33028769493103
84200
16.060044765472412
84300
16.485057830810547
84400
16.6518394947052
84500
16.210814952850342
84600
16.488368034362793
84700
16.545978307724
84800
16.122982025146484
84900
16.535648584365845
85000
16.075337409973145
85100
16.323457717895508
85200
16.36157488822937
85300
16.187066555023193
85400
16.336191654205322
85500
16.02884578704834
85600
16.36035656929016
85700
16.348455905914307
85800
15.868506669998169
85900
16.30398416519165
86000
15.913490056991577
86100
16.294163703918457
86200
16.39410424232483
86300
16.197832822799683
86400
16.350900650024414
86500
15.935195446014404
86600
16.334906101226807
86700
16.3599796295166
86800
15.95348572731018
86900
16.319303035736084
87000
16.235001802444458
87100
16.35680365562439
87200
16.32042121887207
87300
15.935796022415161
87400
16.323707580566406
87500
15.946201801300049
87600
16.364041090011597
87700
16.33105206489563
87800
15.950812578201294
87900
16.724568367004395
88000
15.938930988311768
88100
16.328530311584473
88200
16.36861491203308
88300
15.968433618545532
88400
16.33877468109131
88500
15.94394826889038
88600
16.59191584587097
88700
16.607343673706055
88800
16.092501163482666
88900
16.466620445251465
89000
16.10243511199951
89100
16.466493368148804
89200
16.31144118309021
89300
16.538690090179443
89400
16.512301921844482
89500
16.13087773323059
89600
16.52814221382141
89700
16.075023651123047
89800
16.653682231903076
89900
16.85871696472168
90000
16.13553762435913
90100
16.461299180984497
90200
16.046391248703003
90300
16.48477053642273
90400
16.02080512046814
90500
16.567037343978882
90600
16.501065015792847
90700
16.07220196723938
90800
16.675955533981323
90900
16.13343119621277
91000
16.499035596847534
91100
16.144033193588257
91200
16.512672185897827
91300
16.470031261444092
91400
16.178098917007446
91500
16.563494443893433
91600
15.99271035194397
91700
16.465812921524048
91800
15.980278015136719
91900
16.498570442199707
92000
16.443074941635132
92100
16.225324392318726
92200
16.54887294769287
92300
16.07200527191162
92400
16.492500066757202
92500
16.08657455444336
92600
16.480037212371826
92700
16.47515368461609
92800
16.14732003211975
92900
16.557924509048462
93000
16.24208378791809
93100
16.529863595962524
93200
16.1135196685791
93300
16.427847862243652
93400
16.127132654190063
93500
16.7440083026886
93600
16.581767320632935
93700
16.08363151550293
93800
16.781124353408813
93900
16.142685890197754
94000
16.488125562667847
94100
16.256401538848877
94200
16.5809543132782
94300
16.109130382537842
94400
16.598504781723022
94500
16.58218479156494
94600
16.087557792663574
94700
16.716773509979248
94800
16.06853485107422
94900
16.624639987945557
95000
16.132017612457275
95100
16.371092557907104
95200
15.977567911148071
95300
16.464043140411377
95400
16.50384759902954
95500
16.11321234703064
95600
16.68777346611023
95700
16.054182052612305
95800
16.46260690689087
95900
16.170377254486084
96000
16.574925899505615
96100
16.032144784927368
96200
16.352996587753296
96300
16.2108633518219
96400
16.484495162963867
96500
16.549978494644165
96600
16.11408519744873
96700
16.546371698379517
96800
16.035226583480835
96900
16.55419921875
97000
15.933308124542236
97100
16.470816373825073
97200
15.961158752441406
97300
16.574543237686157
97400
16.070347785949707
97500
16.434910774230957
97600
15.979005336761475
97700
16.391011476516724
97800
16.414057731628418
97900
16.008370399475098
98000
16.389939308166504
98100
15.969661474227905
98200
16.66201138496399
98300
15.978610038757324
98400
16.38033676147461
98500
15.975804805755615
98600
16.417026042938232
98700
15.991943120956421
98800
16.421830892562866
98900
16.467332124710083
99000
16.561932802200317
99100
16.17697024345398
99200
16.56707525253296
99300
16.108185052871704
99400
16.450897932052612
99500
16.412193298339844
99600
16.02933430671692
99700
16.62389326095581
99800
16.26073122024536
99900
16.611905574798584
100000
16.467660427093506
100100
16.47929859161377
100200
16.003311157226562
100300
16.457879066467285
100400
16.093931913375854
100500
16.484559774398804
100600
16.036216259002686
100700
16.692441701889038
100800
16.016260623931885
100900
16.31389284133911
101000
15.876195669174194
101100
16.425020933151245
101200
16.020012855529785
101300
16.48806142807007
101400
15.995216131210327
101500
16.683288097381592
101600
15.956093549728394
101700
16.44003915786743
101800
15.921370267868042
101900
16.499968767166138
102000
16.404908657073975
102100
16.09978151321411
102200
16.524835348129272
102300
15.951099872589111
102400
16.615981340408325
102500
15.967094898223877
102600
16.515252828598022
102700
16.03828525543213
102800
16.475775718688965
102900
15.941472291946411
103000
16.522085428237915
103100
15.968215703964233
103200
16.399441480636597
103300
16.20965600013733
103400
16.454814672470093
103500
15.957856893539429
103600
16.427725315093994
103700
16.248746395111084
103800
16.502464771270752
103900
16.057859420776367
104000
16.468517780303955
104100
16.320876121520996
104200
16.40206003189087
104300
16.004164457321167
104400
16.526169538497925
104500
15.960198163986206
104600
16.411958694458008
104700
15.961615800857544
104800
16.525062084197998
104900
15.973924160003662
105000
16.734517574310303
105100
15.922363996505737
105200
16.55283236503601
105300
15.92924189567566
105400
16.32347345352173
105500
15.892690181732178
105600
16.376320838928223
105700
15.882363557815552
105800
16.315224647521973
105900
16.15214228630066
106000
16.430665969848633
106100
15.985989570617676
106200
16.37242817878723
106300
15.991530656814575
106400
16.36890959739685
106500
15.93010926246643
106600
16.39795756340027
106700
16.25572371482849
106800
16.428266763687134
106900
15.953738927841187
107000
16.458125591278076
107100
15.95036244392395
107200
16.41356325149536
107300
15.954280138015747
107400
16.433677673339844
107500
15.958787679672241
107600
16.61314630508423
107700
15.968731164932251
107800
16.452904224395752
107900
15.954893112182617
108000
16.176766633987427
108100
16.528703689575195
108200
15.973533630371094
108300
16.445499658584595
108400
15.96026873588562
108500
16.63354730606079
108600
15.952547311782837
108700
16.454777002334595
108800
15.94808840751648
108900
16.491254329681396
109000
15.926871061325073
109100
16.437639951705933
109200
16.020754098892212
109300
16.8092200756073
109400
16.168902158737183
109500
16.563985586166382
109600
16.13815689086914
109700
16.548742532730103
109800
16.153434991836548
109900
16.587013483047485
110000
16.34745192527771
110100
16.503673315048218
110200
16.278941869735718
110300
16.474281311035156
110400
16.102923154830933
110500
16.496687412261963
110600
15.983975172042847
110700
16.1447434425354
110800
16.60547947883606
110900
15.913703918457031
111000
16.39231562614441
111100
15.976115465164185
111200
16.407331228256226
111300
15.932235717773438
111400
16.39810538291931
111500
16.223923921585083
111600
16.466002702713013
111700
16.035349130630493
111800
16.490323543548584
111900
15.949983835220337
112000
16.44898796081543
112100
16.15380072593689
112200
16.60265612602234
112300
16.002856731414795
112400
15.997917652130127
112500
16.50462007522583
112600
16.008089542388916
112700
16.49107813835144
112800
16.012604475021362
112900
16.51154136657715
113000
15.979058265686035
113100
16.660216331481934
113200
16.01948595046997
113300
16.518408060073853
113400
15.988309383392334
113500
16.55469536781311
113600
16.006102800369263
113700
16.755255222320557
113800
15.987327814102173
113900
16.028252363204956
114000
16.546804189682007
114100
16.172086000442505
114200
16.494576692581177
114300
16.000929832458496
114400
16.729134559631348
114500
16.069457054138184
114600
16.524259567260742
114700
15.95682668685913
114800
16.48191261291504
114900
15.967171430587769
115000
15.994513273239136
115100
16.413254022598267
115200
16.05114459991455
115300
16.41282343864441
115400
16.20584487915039
115500
16.48596954345703
115600
15.942620038986206
115700
16.51058340072632
115800
15.983738422393799
115900
16.85876178741455
116000
16.26911473274231
116100
16.62991189956665
116200
16.135932445526123
116300
16.125388383865356
116400
16.636428594589233
116500
16.24568271636963
116600
16.727344036102295
116700
16.243312120437622
116800
16.51928687095642
116900
16.098143815994263
117000
16.679967880249023
117100
16.136720418930054
117200
16.091277837753296
117300
16.8336021900177
117400
16.14139413833618
117500
16.673672437667847
117600
16.139641523361206
117700
16.613553285598755
117800
15.948043823242188
117900
16.417998552322388
118000
15.914683818817139
118100
15.918338298797607
118200
16.423664331436157
118300
16.215898990631104
118400
16.44948649406433
118500
15.925208568572998
118600
16.441704988479614
118700
15.96390151977539
118800
16.65502691268921
118900
16.120087146759033
119000
16.197819709777832
119100
16.600444316864014
119200
16.12892484664917
119300
16.687960624694824
119400
16.1680326461792
119500
16.661497592926025
119600
16.272592067718506
119700
16.6484158039093
119800
16.037536144256592
119900
16.091268301010132
120000
16.680460929870605
120100
15.995895385742188
120200
16.58667278289795
120300
15.987020015716553
120400
16.54111647605896
120500
16.27393364906311
120600
16.445908546447754
120700
16.01134157180786
120800
15.99188232421875
120900
16.54933214187622
121000
16.062873363494873
121100
16.758407831192017
121200
16.06888461112976
121300
16.50907015800476
121400
16.106265783309937
121500
16.031198263168335
121600
16.66231346130371
121700
16.04216718673706
121800
16.96555757522583
121900
15.966514825820923
122000
16.47214913368225
122100
15.989724159240723
122200
15.996965408325195
122300
16.62859797477722
122400
16.317404985427856
122500
16.722004652023315
122600
16.195295572280884
122700
16.608381748199463
122800
16.089409112930298
122900
16.173231601715088
123000
16.698525428771973
123100
16.207502126693726
123200
16.598849058151245
123300
16.139146089553833
123400
16.77657675743103
123500
16.096043825149536
123600
16.10165238380432
123700
16.673340320587158
123800
16.172979593276978
123900
16.589139461517334
124000
16.277355909347534
124100
16.62604022026062
124200
16.154609203338623
124300
16.09035563468933
124400
16.6886887550354
124500
16.080724239349365
124600
16.72132444381714
124700
16.36329412460327
124800
16.683611631393433
124900
16.089900255203247
125000
16.181720972061157
125100
16.46338391304016
125200
15.99881100654602
125300
16.425708293914795
125400
15.89595890045166
125500
16.515852212905884
125600
16.014962673187256
125700
16.368844509124756
125800
16.575988292694092
125900
15.995604038238525
126000
