['C2_lc.fits']
C2_lc.fits
125308
0
16.572725772857666
100
16.537428379058838
200
16.23719811439514
300
16.380110263824463
400
16.18770432472229
500
16.32676410675049
600
16.063568353652954
700
16.241740942001343
800
16.41644597053528
900
16.20162034034729
1000
16.13044285774231
1100
16.130776166915894
1200
16.211618185043335
1300
16.400038957595825
1400
16.182195901870728
1500
16.465096473693848
1600
16.179288387298584
1700
16.219783782958984
1800
16.10371732711792
1900
16.167807579040527
2000
16.170745134353638
2100
16.32970118522644
2200
16.153367280960083
2300
16.402079343795776
2400
16.23570156097412
2500
16.333314418792725
2600
16.126240253448486
2700
16.24412512779236
2800
16.177056312561035
2900
16.223500728607178
3000
16.347705364227295
3100
16.06486487388611
3200
16.11379098892212
3300
16.031983852386475
3400
16.160382986068726
3500
16.027649641036987
3600
16.160199403762817
3700
16.068192720413208
3800
16.284799814224243
3900
16.0978901386261
4000
16.107118606567383
4100
16.14511203765869
4200
16.326807498931885
4300
16.024731159210205
4400
16.23992657661438
4500
16.2559015750885
4600
16.076908349990845
4700
16.42203998565674
4800
16.220666885375977
4900
16.065046787261963
5000
16.145743131637573
5100
16.04577374458313
5200
16.06385374069214
5300
16.013993740081787
5400
16.213141918182373
5500
16.185956954956055
5600
16.043534994125366
5700
15.993323564529419
5800
16.025460481643677
5900
16.029590129852295
6000
16.14215397834778
6100
16.05720829963684
6200
15.99425196647644
6300
16.304104804992676
6400
16.074411869049072
6500
15.945909261703491
6600
16.047179698944092
6700
16.21768307685852
6800
16.201814889907837
6900
16.07638645172119
7000
16.135028839111328
7100
16.014276266098022
7200
16.14408278465271
7300
16.160815954208374
7400
16.094707250595093
7500
16.068018913269043
7600
16.002828359603882
7700
16.382229328155518
7800
16.09338903427124
7900
16.257598400115967
8000
16.189077377319336
8100
16.223819732666016
8200
16.08667802810669
8300
16.325833320617676
8400
16.34405016899109
8500
16.12760353088379
8600
16.33524227142334
8700
16.15448808670044
8800
16.133737087249756
8900
16.1017484664917
9000
16.416211366653442
9100
16.08426022529602
9200
16.0669846534729
9300
16.196385860443115
9400
16.058674573898315
9500
16.082099676132202
9600
16.14449143409729
9700
16.16372299194336
9800
16.12412118911743
9900
16.354679822921753
10000
15.972976684570312
10100
16.123788118362427
10200
16.12277579307556
10300
16.100463390350342
10400
16.199427604675293
10500
16.001465320587158
10600
16.09677505493164
10700
16.070082664489746
10800
15.955565929412842
10900
16.07747769355774
11000
16.08430242538452
11100
16.045334577560425
11200
16.291776418685913
11300
16.07797360420227
11400
16.173168420791626
11500
16.05805277824402
11600
16.254433393478394
11700
16.10685896873474
11800
16.236799955368042
11900
16.17950749397278
12000
16.657393217086792
12100
16.029401063919067
12200
16.39139676094055
12300
16.065009117126465
12400
16.01936101913452
12500
16.129667282104492
12600
16.241490364074707
12700
16.044883966445923
12800
16.078063011169434
12900
16.362316608428955
13000
16.130043745040894
13100
16.035640239715576
13200
16.051289796829224
13300
16.165396213531494
13400
16.26167941093445
13500
16.34365940093994
13600
16.262908935546875
13700
16.311041116714478
13800
16.438583850860596
13900
16.004440784454346
14000
20.95130729675293
14100
16.23507332801819
14200
16.111125469207764
14300
16.08923864364624
14400
16.150317668914795
14500
16.11147975921631
14600
16.2350013256073
14700
16.108498096466064
14800
16.1781587600708
14900
16.138281106948853
15000
16.041070699691772
15100
16.36960005760193
15200
16.02746081352234
15300
16.215874671936035
15400
15.987705707550049
15500
16.041824340820312
15600
16.0327308177948
15700
16.238230228424072
15800
16.18757963180542
15900
15.974116802215576
16000
16.109241485595703
16100
16.130698204040527
16200
16.147865533828735
16300
15.966511726379395
16400
16.37505340576172
16500
16.269207000732422
16600
16.025434017181396
16700
16.146151065826416
16800
16.285746812820435
16900
16.1147882938385
17000
16.084657430648804
17100
16.385845184326172
17200
16.20032024383545
17300
16.240750312805176
17400
16.12130856513977
17500
16.118792057037354
17600
15.944044589996338
17700
16.11081552505493
17800
16.00636315345764
17900
16.191917181015015
18000
16.119959354400635
18100
16.191380739212036
18200
16.208810329437256
18300
16.174280881881714
18400
16.255234003067017
18500
16.028937339782715
18600
16.293429851531982
18700
16.26888942718506
18800
16.028088331222534
18900
16.130829095840454
19000
16.252706289291382
19100
16.247583866119385
19200
16.17636203765869
19300
16.569066762924194
19400
16.169263124465942
19500
16.192474126815796
19600
16.230512380599976
19700
16.282989740371704
19800
16.20139241218567
19900
16.109273433685303
20000
16.309484720230103
20100
16.166829347610474
20200
16.071597576141357
20300
15.959989070892334
20400
16.156733512878418
20500
16.091681241989136
20600
16.294251441955566
20700
16.402539014816284
20800
16.193254709243774
20900
16.322410345077515
21000
16.093483209609985
21100
16.16740918159485
21200
16.434728384017944
21300
16.283985376358032
21400
16.14490795135498
21500
16.124770879745483
21600
16.261088132858276
21700
16.2012140750885
21800
16.081717491149902
21900
16.086560249328613
22000
16.257424116134644
22100
16.26107931137085
22200
16.171831607818604
22300
16.36586356163025
22400
16.14887046813965
22500
16.413921117782593
22600
16.158687591552734
22700
16.19243288040161
22800
16.225724458694458
22900
16.241462469100952
23000
16.186485052108765
23100
16.361313343048096
23200
16.205758094787598
23300
16.137685537338257
23400
16.16097664833069
23500
16.22654128074646
23600
16.19978094100952
23700
16.22926902770996
23800
16.391902208328247
23900
16.13384699821472
24000
16.111815690994263
24100
16.281561613082886
24200
16.189570665359497
24300
16.17176866531372
24400
16.312435388565063
24500
16.39911198616028
24600
16.15726637840271
24700
16.14033818244934
24800
16.364541053771973
24900
16.1281259059906
25000
16.09140110015869
25100
16.07575297355652
25200
16.09438920021057
25300
16.163334846496582
25400
16.00753140449524
25500
16.36774969100952
25600
16.05715322494507
25700
15.986910820007324
25800
16.08363127708435
25900
16.11073613166809
26000
16.22309446334839
26100
16.30566096305847
26200
16.483972311019897
26300
16.050493240356445
26400
16.475871086120605
26500
16.142091274261475
26600
16.170146226882935
26700
16.103187322616577
26800
16.27070188522339
26900
16.132673501968384
27000
16.32835030555725
27100
16.17154574394226
27200
16.163530349731445
27300
16.24759817123413
27400
16.239871740341187
27500
16.036598205566406
27600
16.12976622581482
27700
16.35674285888672
27800
16.299452781677246
27900
16.095518589019775
28000
16.177417755126953
28100
16.189924001693726
28200
16.25353240966797
28300
16.13696002960205
28400
16.34932780265808
28500
16.10013747215271
28600
16.08305835723877
28700
16.319711446762085
28800
16.095799207687378
28900
16.36054754257202
29000
16.373112440109253
29100
16.074235916137695
29200
16.170897245407104
29300
16.208186626434326
29400
16.231279373168945
29500
16.191606283187866
29600
16.092463493347168
29700
16.23509407043457
29800
16.078011989593506
29900
16.182197093963623
30000
16.138522148132324
30100
16.094327211380005
30200
16.082108974456787
30300
16.06238555908203
30400
16.12817668914795
30500
16.161164045333862
30600
15.957549810409546
30700
16.09969687461853
30800
15.909873485565186
30900
16.051480531692505
31000
16.12623381614685
31100
16.176650524139404
31200
16.052098751068115
31300
16.434221982955933
31400
16.085808515548706
31500
15.906302452087402
31600
16.21156096458435
31700
15.925274848937988
31800
16.071064233779907
31900
16.007274866104126
32000
16.45110511779785
32100
15.97249984741211
32200
16.157299041748047
32300
15.994771480560303
32400
16.14948272705078
32500
16.0249183177948
32600
16.39402985572815
32700
16.259132623672485
32800
16.427828073501587
32900
16.033756256103516
33000
16.25897789001465
33100
16.033539056777954
33200
16.29964542388916
33300
16.26799488067627
33400
16.538424730300903
33500
16.34710144996643
33600
16.144681930541992
33700
16.265766382217407
33800
16.029136896133423
33900
16.27415657043457
34000
16.488006591796875
34100
16.407979249954224
34200
16.574337244033813
34300
16.05957531929016
34400
16.273958206176758
34500
16.05260467529297
34600
16.368785619735718
34700
16.29070234298706
34800
16.16708493232727
34900
16.399564266204834
35000
16.123673677444458
35100
16.05626893043518
35200
16.225799322128296
35300
16.062546968460083
35400
16.339123249053955
35500
16.179473161697388
35600
16.227303504943848
35700
16.217735767364502
35800
16.032353162765503
35900
16.34708309173584
36000
16.031055688858032
36100
16.244056940078735
36200
16.31087875366211
36300
16.123908042907715
36400
16.140010833740234
36500
16.203524351119995
36600
16.006583213806152
36700
16.055022954940796
36800
16.23300075531006
36900
16.132442951202393
37000
16.078527212142944
37100
16.420071363449097
37200
16.28046679496765
37300
16.012245655059814
37400
16.59131622314453
37500
16.051395177841187
37600
16.115999698638916
37700
16.33518147468567
37800
16.287373304367065
37900
16.33101749420166
38000
16.15884757041931
38100
16.204542875289917
38200
16.144635677337646
38300
16.082696676254272
38400
16.346710681915283
38500
16.096407413482666
38600
16.205094575881958
38700
16.12687349319458
38800
16.32131576538086
38900
16.14495611190796
39000
16.07109808921814
39100
16.054208040237427
39200
16.294208765029907
39300
16.19576334953308
39400
16.065550565719604
39500
16.05354332923889
39600
16.34749960899353
39700
16.21977734565735
39800
16.266074895858765
39900
16.154224157333374
40000
16.379385709762573
40100
16.271108388900757
40200
16.064252376556396
40300
16.041015148162842
40400
16.104883193969727
40500
16.225215673446655
40600
16.080212116241455
40700
16.18594193458557
40800
16.138251066207886
40900
16.241912841796875
41000
16.044100761413574
41100
16.001105308532715
41200
16.026034593582153
41300
16.091493606567383
41400
16.413686513900757
41500
16.252334594726562
41600
15.938113927841187
41700
15.90129804611206
41800
15.899908065795898
41900
16.177202939987183
42000
16.049134254455566
42100
15.9375
42200
16.00103735923767
42300
16.096562147140503
42400
16.20609712600708
42500
16.28742742538452
42600
16.055625915527344
42700
16.096846342086792
42800
16.149672985076904
42900
16.06389856338501
43000
16.17167019844055
43100
16.487203121185303
43200
15.992648363113403
43300
16.11204481124878
43400
16.127275705337524
43500
16.279623985290527
43600
16.115718126296997
43700
16.334025382995605
43800
16.374253511428833
43900
16.112563371658325
44000
16.162142992019653
44100
16.128052473068237
44200
16.18209171295166
44300
16.213926076889038
44400
16.228394746780396
44500
16.077731609344482
44600
16.489160537719727
44700
16.12010669708252
44800
16.144665241241455
44900
16.167577266693115
45000
16.316298246383667
45100
16.129472494125366
45200
16.06359553337097
45300
16.425642490386963
45400
16.074326038360596
45500
16.329315185546875
45600
16.10589361190796
45700
16.096391201019287
45800
15.995240211486816
45900
16.214190244674683
46000
16.108766317367554
46100
16.24272632598877
46200
16.139639854431152
46300
16.180030822753906
46400
16.229809522628784
46500
16.134617805480957
46600
16.665666580200195
46700
16.295852184295654
46800
16.256455421447754
46900
16.234560012817383
47000
16.35123920440674
47100
16.049189567565918
47200
16.323352098464966
47300
16.09143614768982
47400
16.20233654975891
47500
16.28694987297058
47600
16.455089330673218
47700
16.20271873474121
47800
16.073161602020264
47900
16.232325553894043
48000
16.096181392669678
48100
16.174500942230225
48200
16.357911348342896
48300
16.45632529258728
48400
16.210132837295532
48500
16.2759108543396
48600
16.497251749038696
48700
16.243812561035156
48800
16.468997955322266
48900
16.283169269561768
49000
16.29336905479431
49100
16.184204816818237
49200
16.23372173309326
49300
16.191364526748657
49400
16.316778659820557
49500
16.233909368515015
49600
16.503371238708496
49700
16.3144109249115
49800
16.29598116874695
49900
16.17774271965027
50000
16.302613258361816
50100
16.116533041000366
50200
16.112171411514282
50300
15.988664388656616
50400
16.304330825805664
50500
16.35094451904297
50600
16.06731367111206
50700
16.091081142425537
50800
16.081921100616455
50900
16.202980041503906
51000
16.042673110961914
51100
16.367323398590088
51200
16.216341257095337
51300
16.326826095581055
51400
16.030309200286865
51500
16.314404487609863
51600
16.215734481811523
51700
16.31633162498474
51800
16.2996666431427
51900
16.158873081207275
52000
16.071693658828735
52100
16.15781879425049
52200
15.885704517364502
52300
16.32114839553833
52400
16.178351879119873
52500
16.219550609588623
52600
16.246691942214966
52700
16.332337856292725
52800
16.146268129348755
52900
16.164703845977783
53000
16.251643896102905
53100
16.27059531211853
53200
16.254764795303345
53300
16.333489656448364
53400
16.099032402038574
53500
16.354898929595947
53600
16.54971146583557
53700
16.20483899116516
53800
16.279173374176025
53900
16.260674715042114
54000
16.513732194900513
54100
16.267478704452515
54200
16.191972255706787
54300
16.25369143486023
54400
16.216166734695435
54500
16.126166343688965
54600
16.4587504863739
54700
16.285743951797485
54800
16.347078561782837
54900
16.26929259300232
55000
16.24410843849182
55100
16.07560133934021
55200
16.158159494400024
55300
16.16671085357666
55400
16.12663745880127
55500
16.05487322807312
55600
16.13547682762146
55700
16.295239210128784
55800
16.188217878341675
55900
16.271334409713745
56000
16.15373921394348
56100
16.286468505859375
56200
16.06445050239563
56300
16.699658155441284
56400
16.1531400680542
56500
16.06986975669861
56600
15.74391508102417
56700
16.1705379486084
56800
16.090651750564575
56900
16.069123029708862
57000
16.268659114837646
57100
16.170366764068604
57200
16.188841104507446
57300
16.097050189971924
57400
16.111839771270752
57500
15.845245122909546
57600
16.196722745895386
57700
16.169955253601074
57800
16.14434576034546
57900
16.41647481918335
58000
16.1662015914917
58100
16.318848609924316
58200
16.156840801239014
58300
15.910862684249878
58400
16.150318145751953
58500
16.141095638275146
58600
16.260805130004883
58700
16.278743028640747
58800
16.13619351387024
58900
16.403308153152466
59000
15.852346658706665
59100
16.22857356071472
59200
16.563738346099854
59300
16.189287424087524
59400
16.11477828025818
59500
16.12861394882202
59600
16.401251316070557
59700
15.96936297416687
59800
16.4121356010437
59900
16.21377205848694
60000
16.33527636528015
60100
16.17533564567566
60200
16.10488796234131
60300
16.14879059791565
60400
15.925819873809814
60500
16.136619567871094
60600
16.311279296875
60700
16.098991870880127
60800
16.09104561805725
60900
16.630542278289795
61000
15.842434644699097
61100
16.32837963104248
61200
16.208387851715088
61300
16.194249868392944
61400
16.16818404197693
61500
16.44783091545105
61600
15.995454549789429
61700
16.135218620300293
61800
16.1210777759552
61900
16.19084334373474
62000
16.21428632736206
62100
16.19994306564331
62200
16.03952407836914
62300
16.21144938468933
62400
16.14916491508484
62500
16.169437170028687
62600
16.173887968063354
62700
16.22161865234375
62800
15.904388904571533
62900
16.151426553726196
63000
16.16374635696411
63100
16.4648015499115
63200
16.26845383644104
63300
16.035757541656494
63400
16.157742023468018
63500
16.249552488327026
63600
16.202655792236328
63700
16.254968881607056
63800
15.980246305465698
63900
16.40610980987549
64000
16.222601175308228
64100
16.328222513198853
64200
16.25749921798706
64300
15.846383571624756
64400
16.340104818344116
64500
16.399423122406006
64600
16.333963632583618
64700
16.314674854278564
64800
16.127858877182007
64900
16.32084345817566
65000
16.296301126480103
65100
16.324045181274414
65200
15.874825716018677
65300
16.138246774673462
65400
16.16357111930847
65500
16.088032484054565
65600
16.156653881072998
65700
15.810812711715698
65800
16.119689226150513
65900
16.197516918182373
66000
16.0407133102417
66100
16.119874715805054
66200
15.683139324188232
66300
16.019643306732178
66400
15.973894119262695
66500
16.009279251098633
66600
15.690630912780762
66700
16.36694598197937
66800
15.991085767745972
66900
15.998891353607178
67000
15.697943210601807
67100
16.068853616714478
67200
16.05309557914734
67300
16.079051971435547
67400
16.348160982131958
67500
15.8118314743042
67600
16.224928855895996
67700
16.08485460281372
67800
16.087291717529297
67900
15.819464921951294
68000
16.067020654678345
68100
16.13032031059265
68200
16.136883020401
68300
15.926464080810547
68400
16.090998649597168
68500
16.071863651275635
68600
16.266175270080566
68700
15.783952951431274
68800
16.169556379318237
68900
16.11092448234558
69000
16.162452936172485
69100
15.94186019897461
69200
16.110841512680054
69300
16.271331071853638
69400
15.822859287261963
69500
16.116477489471436
69600
16.359861612319946
69700
16.148460626602173
69800
15.857837915420532
69900
16.124948263168335
70000
16.225265502929688
70100
16.044734716415405
70200
15.713227033615112
70300
16.028702974319458
70400
16.207120656967163
70500
16.33770775794983
70600
15.818684816360474
70700
16.370096683502197
70800
16.151161193847656
70900
15.999155044555664
71000
16.310067176818848
71100
16.20298457145691
71200
16.276092052459717
71300
16.080960988998413
71400
16.225356101989746
71500
16.215946674346924
71600
16.258338451385498
71700
15.902826070785522
71800
16.16101574897766
71900
16.441845417022705
72000
15.982901096343994
72100
16.275686264038086
72200
16.207128763198853
72300
16.192434072494507
72400
16.00988459587097
72500
16.423945426940918
72600
16.273799180984497
72700
15.881815433502197
72800
16.199111700057983
72900
16.36263942718506
73000
16.22735047340393
73100
16.177663803100586
73200
16.182434558868408
73300
16.207265377044678
73400
15.961511135101318
73500
16.663424015045166
73600
16.263593912124634
73700
15.920671463012695
73800
16.279383659362793
73900
16.26502013206482
74000
16.300285816192627
74100
15.905524253845215
74200
16.26129651069641
74300
16.51625895500183
74400
16.08848762512207
74500
16.328975677490234
74600
16.4388644695282
74700
15.851105451583862
74800
16.60272979736328
74900
16.31834125518799
75000
16.125938653945923
75100
16.27755641937256
75200
16.35990309715271
75300
15.867398977279663
75400
16.358537673950195
75500
16.185482263565063
75600
16.424278497695923
75700
15.94316577911377
75800
16.169640064239502
75900
16.24363422393799
76000
15.93301248550415
76100
16.450976610183716
76200
16.15380620956421
76300
15.84898829460144
76400
16.284858226776123
76500
16.370017290115356
76600
15.828919172286987
76700
16.35797142982483
76800
16.49679660797119
76900
15.882895708084106
77000
16.268882513046265
77100
16.41462802886963
77200
16.04261326789856
77300
16.308578968048096
77400
16.292375564575195
77500
15.934683322906494
77600
16.29421377182007
77700
16.21359872817993
77800
16.409704446792603
77900
16.335941553115845
78000
16.510599613189697
78100
15.878036260604858
78200
16.478110313415527
78300
16.26400327682495
78400
16.015095949172974
78500
16.19576621055603
78600
16.350172758102417
78700
16.117888927459717
78800
16.297590017318726
78900
16.308939218521118
79000
15.929134607315063
79100
16.27605366706848
79200
16.26209545135498
79300
16.35270094871521
79400
16.55615735054016
79500
16.452857732772827
79600
15.936590909957886
79700
16.505197286605835
79800
15.895109176635742
79900
16.30929446220398
80000
16.408334255218506
80100
16.00187063217163
80200
16.16578698158264
80300
16.192124843597412
80400
15.80780839920044
80500
16.2361581325531
80600
16.22882580757141
80700
16.02864718437195
80800
16.371290922164917
80900
16.26920247077942
81000
15.931904554367065
81100
16.31878137588501
81200
16.00581169128418
81300
16.31751847267151
81400
16.300292253494263
81500
15.885583877563477
81600
16.458871603012085
81700
16.487415313720703
81800
16.0280282497406
81900
16.488950729370117
82000
16.43830680847168
82100
16.143320560455322
82200
16.396700859069824
82300
16.22501492500305
82400
16.637611150741577
82500
16.3795382976532
82600
16.027942895889282
82700
16.395179510116577
82800
16.579949140548706
82900
15.924209594726562
83000
16.571420669555664
83100
15.803576231002808
83200
16.192895889282227
83300
16.207655906677246
83400
15.808614730834961
83500
16.244224548339844
83600
16.298128604888916
83700
15.841282606124878
83800
16.308454751968384
83900
16.027146339416504
84000
16.212353467941284
84100
16.302590370178223
84200
15.889359951019287
84300
16.363306283950806
84400
16.38082218170166
84500
16.01946783065796
84600
16.38600468635559
84700
15.789740800857544
84800
16.237802743911743
84900
16.217937469482422
85000
15.87304401397705
85100
16.084158897399902
85200
15.927517175674438
85300
16.36377453804016
85400
16.196263074874878
85500
15.851534128189087
85600
16.2361159324646
85700
15.895008563995361
85800
16.23087167739868
85900
16.305800676345825
86000
16.234962463378906
86100
16.360942125320435
86200
15.899375677108765
86300
16.40406060218811
86400
16.44604206085205
86500
15.965243101119995
86600
16.457743883132935
86700
15.924258470535278
86800
16.325749158859253
86900
16.53436517715454
87000
15.946251392364502
87100
16.34551453590393
87200
16.08872699737549
87300
16.352712869644165
87400
16.481242418289185
87500
16.282432556152344
87600
16.4599449634552
87700
15.951745748519897
87800
16.376150131225586
87900
16.493581295013428
88000
16.221949338912964
88100
16.479848384857178
88200
16.23894691467285
88300
16.43790102005005
88400
16.349222660064697
88500
15.97774863243103
88600
16.431840658187866
88700
15.911557674407959
88800
16.297186851501465
88900
16.286240816116333
89000
16.094447135925293
89100
16.464679956436157
89200
15.948496580123901
89300
16.459255695343018
89400
16.049724817276
89500
16.438025951385498
89600
16.284991025924683
89700
16.224639177322388
89800
16.38958215713501
89900
15.84807538986206
90000
16.199745893478394
90100
15.808520793914795
90200
16.071587800979614
90300
16.08922028541565
90400
15.957926273345947
90500
16.49973440170288
90600
15.770080804824829
90700
16.23361372947693
90800
16.203993797302246
90900
15.769818782806396
91000
16.176476001739502
91100
15.71933364868164
91200
16.22865653038025
91300
15.861088275909424
91400
16.067294120788574
91500
16.27069115638733
91600
15.733829736709595
91700
16.337711334228516
91800
15.693288803100586
91900
16.11883020401001
92000
15.762442350387573
92100
16.386765241622925
92200
15.727650880813599
92300
16.16307282447815
92400
16.34669828414917
92500
15.832664966583252
92600
16.156724214553833
92700
16.16026759147644
92800
16.358049392700195
92900
15.961641311645508
93000
16.44082999229431
93100
16.454210996627808
93200
15.894120454788208
93300
16.30272078514099
93400
16.0212562084198
93500
16.32058882713318
93600
16.286084175109863
93700
16.470232248306274
93800
15.900543689727783
93900
16.320205688476562
94000
16.439478874206543
94100
15.883023738861084
94200
16.3402156829834
94300
15.877512216567993
94400
16.314891576766968
94500
15.905473232269287
94600
16.57528328895569
94700
16.13103938102722
94800
16.566000938415527
94900
15.997862339019775
95000
16.5511155128479
95100
16.316352128982544
95200
15.99413776397705
95300
16.474462032318115
95400
16.02940559387207
95500
16.342843770980835
95600
15.823989629745483
95700
16.135245323181152
95800
15.798715591430664
95900
16.15803551673889
96000
16.531001091003418
96100
15.839354991912842
96200
16.223366260528564
96300
15.820837497711182
96400
16.40019178390503
96500
15.82751178741455
96600
16.247714281082153
96700
15.779153823852539
96800
16.373547077178955
96900
15.924758672714233
97000
16.33273148536682
97100
15.821435928344727
97200
16.378705739974976
97300
16.253019332885742
97400
15.900981903076172
97500
16.324819803237915
97600
15.931854009628296
97700
16.33956813812256
97800
15.740638494491577
97900
16.218037605285645
98000
15.77403712272644
98100
16.377740383148193
98200
15.994894027709961
98300
16.302001953125
98400
15.931924104690552
98500
16.217989921569824
98600
15.980177164077759
98700
16.22846555709839
98800
16.33674120903015
98900
15.929667949676514
99000
16.303821086883545
99100
16.265564441680908
99200
16.38156247138977
99300
16.166491746902466
99400
16.481325149536133
99500
16.11069345474243
99600
16.49791431427002
99700
15.994410991668701
99800
16.354047536849976
99900
16.18395471572876
100000
16.3702335357666
100100
15.92699646949768
100200
16.544424772262573
100300
15.985835075378418
100400
16.3195538520813
100500
15.917366743087769
100600
16.28991436958313
100700
15.980031728744507
100800
16.266260385513306
100900
16.512213945388794
101000
15.758795976638794
101100
16.418362140655518
101200
15.78495168685913
101300
16.441473484039307
101400
15.80586314201355
101500
16.55554437637329
101600
16.000937461853027
101700
16.255284070968628
101800
15.822344064712524
101900
16.195813179016113
102000
15.78510308265686
102100
16.1986346244812
102200
15.783405303955078
102300
16.304065465927124
102400
15.878289699554443
102500
16.505974769592285
102600
15.948734521865845
102700
16.37078356742859
102800
15.831465005874634
102900
16.686043739318848
103000
15.822003602981567
103100
16.66540002822876
103200
15.923337459564209
103300
16.510868787765503
103400
15.899116277694702
103500
16.426140308380127
103600
15.98222541809082
103700
16.497155904769897
103800
15.907195568084717
103900
16.333999633789062
104000
15.875901222229004
104100
16.44810438156128
104200
16.20148015022278
104300
16.578866243362427
104400
15.999564170837402
104500
16.34537386894226
104600
16.245105504989624
104700
16.412776470184326
104800
16.00817847251892
104900
16.37461829185486
105000
16.0822434425354
105100
16.443588495254517
105200
15.97515869140625
105300
16.4000186920166
105400
15.885524988174438
105500
16.373919010162354
105600
15.99679446220398
105700
16.45858120918274
105800
15.768150329589844
105900
16.33267879486084
106000
15.964064598083496
106100
16.714109897613525
106200
15.880420446395874
106300
16.353705167770386
106400
15.903846502304077
106500
16.422439575195312
106600
15.911015272140503
106700
16.569992542266846
106800
15.97738003730774
106900
16.598318338394165
107000
15.793489694595337
107100
16.474677085876465
107200
15.87781548500061
107300
16.43959665298462
107400
16.127599477767944
107500
16.419473886489868
107600
15.956876993179321
107700
16.413866758346558
107800
15.899341583251953
107900
16.400858879089355
108000
15.907566547393799
108100
16.353378295898438
108200
16.008612871170044
108300
16.478743076324463
108400
16.1728458404541
108500
16.31358242034912
108600
15.859657049179077
108700
16.324124097824097
108800
15.933109760284424
108900
15.84674072265625
109000
16.36886954307556
109100
15.9301917552948
109200
16.394325733184814
109300
16.320226669311523
109400
16.35366129875183
109500
15.978163003921509
109600
16.343968152999878
109700
16.093422412872314
109800
16.3920636177063
109900
16.194557189941406
110000
16.380654335021973
110100
15.937891960144043
110200
16.508118867874146
110300
15.839137077331543
110400
16.306466341018677
110500
15.743269205093384
110600
16.33522129058838
110700
15.762125730514526
110800
16.348641872406006
110900
16.02934741973877
111000
15.810077428817749
111100
16.27904224395752
111200
15.793577194213867
111300
16.610443830490112
111400
15.756399393081665
111500
16.35752558708191
111600
15.849971294403076
111700
16.37152075767517
111800
15.80853271484375
111900
16.69095468521118
112000
16.014615774154663
112100
16.465033769607544
112200
16.04255986213684
112300
16.362086057662964
112400
15.912431478500366
112500
16.35282063484192
112600
15.928055763244629
112700
16.025182723999023
112800
16.636107683181763
112900
16.254308938980103
113000
16.369882106781006
113100
15.863520860671997
113200
16.651424646377563
113300
15.845028162002563
113400
16.61459732055664
113500
16.217093229293823
113600
16.436630725860596
113700
15.912757635116577
113800
16.408018589019775
113900
16.006092071533203
114000
16.277233123779297
114100
16.509872913360596
114200
16.06619620323181
114300
16.299980640411377
114400
15.916152715682983
114500
16.558058500289917
114600
15.91985273361206
114700
16.29620623588562
114800
15.86287236213684
114900
16.399128913879395
115000
16.007789850234985
115100
16.579763650894165
115200
15.827291011810303
115300
15.929094791412354
115400
16.219207048416138
115500
15.918792724609375
115600
16.30321192741394
115700
15.984992980957031
115800
16.57917881011963
115900
15.870672702789307
116000
16.386011600494385
116100
15.837190628051758
116200
16.352514266967773
116300
15.836195468902588
116400
15.823768615722656
116500
16.333175897598267
116600
15.868177652359009
116700
16.344637870788574
116800
15.95769453048706
116900
16.451327085494995
117000
15.912946939468384
117100
16.552070140838623
117200
15.959203720092773
117300
16.085524559020996
117400
16.441097021102905
117500
15.861949920654297
117600
16.41233801841736
117700
16.025290489196777
117800
16.374794483184814
117900
15.894381284713745
118000
16.44326424598694
118100
16.001995086669922
118200
15.883642673492432
118300
16.415742874145508
118400
15.93664264678955
118500
16.507615327835083
118600
15.87874960899353
118700
16.490649700164795
118800
16.018996238708496
118900
16.426000595092773
119000
16.062310695648193
119100
15.895363330841064
119200
16.56306028366089
119300
15.830119132995605
119400
16.56045413017273
119500
15.98453402519226
119600
16.435401678085327
119700
15.993077516555786
119800
16.367589235305786
119900
15.906187772750854
120000
15.961666345596313
120100
16.354828119277954
120200
15.861554622650146
120300
16.587953329086304
120400
15.866500854492188
120500
16.40487551689148
120600
15.925081253051758
120700
15.894999027252197
120800
16.407594680786133
120900
16.027445554733276
121000
16.54849076271057
121100
15.847704410552979
121200
16.470511198043823
121300
15.911500930786133
121400
16.3968985080719
121500
15.842748403549194
121600
15.891521215438843
121700
16.542758464813232
121800
15.916358470916748
121900
16.469238996505737
122000
15.984205484390259
122100
16.472962617874146
122200
15.833047866821289
122300
15.914427042007446
122400
16.55327582359314
122500
15.984002351760864
122600
16.405686378479004
122700
16.079589366912842
122800
16.415435075759888
122900
16.148285150527954
123000
15.81499457359314
123100
16.591113567352295
123200
16.059473991394043
123300
16.54087209701538
123400
16.001827001571655
123500
16.45331072807312
123600
15.967425107955933
123700
16.031418800354004
123800
16.480684757232666
123900
16.00238060951233
124000
16.42584228515625
124100
15.860438823699951
124200
16.463189840316772
124300
15.843103647232056
124400
15.862496376037598
124500
16.476188898086548
124600
16.108455181121826
124700
16.50715661048889
124800
15.971444845199585
124900
15.942345142364502
125000
16.477781295776367
125100
15.992456674575806
125200
16.49261450767517
125300
