['X1_lc.fits']
X1_lc.fits
106109
0
16.45973539352417
100
16.918818473815918
200
16.506683826446533
300
16.34157371520996
400
16.398792266845703
500
16.116350412368774
600
16.198190212249756
700
16.12555766105652
800
16.118810892105103
900
16.42177963256836
1000
16.180476188659668
1100
16.186336994171143
1200
16.245686769485474
1300
16.209591150283813
1400
16.29065489768982
1500
16.240992546081543
1600
16.242857933044434
1700
16.24404764175415
1800
16.408612728118896
1900
16.48368191719055
2000
16.270774126052856
2100
16.272538423538208
2200
16.330735683441162
2300
16.35839009284973
2400
16.256326913833618
2500
16.68679642677307
2600
16.25692653656006
2700
16.274744987487793
2800
16.27955198287964
2900
16.200807809829712
3000
16.27473020553589
3100
16.471741437911987
3200
16.211375951766968
3300
16.271968364715576
3400
16.309494972229004
3500
16.320271492004395
3600
16.349198579788208
3700
16.364803075790405
3800
16.427173137664795
3900
16.396196603775024
4000
16.580280303955078
4100
16.396941900253296
4200
16.301860809326172
4300
16.362094402313232
4400
16.34031581878662
4500
16.208964586257935
4600
16.37646484375
4700
16.40173888206482
4800
16.591341018676758
4900
16.29305100440979
5000
16.236048221588135
5100
16.272078037261963
5200
16.2003812789917
5300
16.243135452270508
5400
16.20253849029541
5500
16.263237714767456
5600
16.164137840270996
5700
16.277488470077515
5800
16.279109001159668
5900
16.276750564575195
6000
16.245944499969482
6100
16.19020700454712
6200
16.213399648666382
6300
16.230393171310425
6400
16.303199529647827
6500
16.273401737213135
6600
16.533048629760742
6700
16.272064685821533
6800
16.32514452934265
6900
16.1779727935791
7000
16.146438598632812
7100
16.26292896270752
7200
16.265763998031616
7300
16.20363426208496
7400
16.613964080810547
7500
16.350022792816162
7600
16.382169485092163
7700
16.523330688476562
7800
16.616586208343506
7900
16.326626539230347
8000
16.240021467208862
8100
16.267696857452393
8200
16.358858108520508
8300
16.542351245880127
8400
16.271900177001953
8500
16.318665266036987
8600
16.324132204055786
8700
16.31351113319397
8800
16.45608401298523
8900
16.338065147399902
9000
16.293148040771484
9100
16.299697637557983
9200
16.515847206115723
9300
16.3872172832489
9400
16.268358945846558
9500
16.30966806411743
9600
16.410037994384766
9700
16.29922866821289
9800
16.23406958580017
9900
16.52892541885376
10000
16.163914442062378
10100
16.1634464263916
10200
16.326237201690674
10300
16.284398555755615
10400
16.210652112960815
10500
16.234307050704956
10600
16.24263882637024
10700
16.157973527908325
10800
16.158337354660034
10900
16.40622115135193
11000
16.263680934906006
11100
16.16511607170105
11200
16.111595630645752
11300
16.199019193649292
11400
16.299309253692627
11500
16.347198724746704
11600
16.222033977508545
11700
16.289403915405273
11800
16.406916856765747
11900
16.193124294281006
12000
16.131192922592163
12100
16.404523611068726
12200
16.16898512840271
12300
16.254568576812744
12400
16.305065631866455
12500
16.487491130828857
12600
16.399091482162476
12700
16.342334985733032
12800
16.40209126472473
12900
16.432498455047607
13000
16.35144281387329
13100
16.32261347770691
13200
16.23683261871338
13300
16.393047094345093
13400
16.591805934906006
13500
16.3769690990448
13600
16.358179092407227
13700
16.319184064865112
13800
16.31547737121582
13900
16.392475843429565
14000
16.281259536743164
14100
16.28927731513977
14200
16.329680919647217
14300
16.46193289756775
14400
16.19153141975403
14500
16.387315034866333
14600
16.338812589645386
14700
16.270844221115112
14800
16.246439695358276
14900
16.386152505874634
15000
16.318598747253418
15100
16.177969217300415
15200
16.13081955909729
15300
16.455567121505737
15400
16.28665328025818
15500
16.219475746154785
15600
16.14834690093994
15700
16.190380334854126
15800
16.150823831558228
15900
16.21223282814026
16000
16.288585662841797
16100
16.276724100112915
16200
16.19563603401184
16300
16.205015182495117
16400
16.377594470977783
16500
16.50987410545349
16600
16.377675771713257
16700
16.24313187599182
16800
16.282677173614502
16900
16.264122247695923
17000
16.322042226791382
17100
16.186412811279297
17200
16.34542965888977
17300
16.518598079681396
17400
16.253811836242676
17500
16.19120764732361
17600
16.301127433776855
17700
16.29124665260315
17800
16.36082911491394
17900
16.490626096725464
18000
16.44833779335022
18100
16.382762908935547
18200
16.276413679122925
18300
16.164042711257935
18400
16.38476037979126
18500
16.27220630645752
18600
16.247888565063477
18700
16.246574640274048
18800
16.152909994125366
18900
16.080070734024048
19000
16.420011281967163
19100
16.29280948638916
19200
16.34255051612854
19300
16.40942144393921
19400
16.165513038635254
19500
16.133054971694946
19600
16.225092887878418
19700
16.11521887779236
19800
16.12171244621277
19900
16.13240098953247
20000
16.168671369552612
20100
16.041741847991943
20200
16.030019760131836
20300
16.131455421447754
20400
16.31382703781128
20500
16.44511866569519
20600
16.15519094467163
20700
16.2389874458313
20800
16.248530626296997
20900
16.100523710250854
21000
16.110379457473755
21100
16.08849024772644
21200
16.037810802459717
21300
16.27734398841858
21400
16.174329042434692
21500
16.14156222343445
21600
16.29970407485962
21700
16.0553240776062
21800
16.159489154815674
21900
16.258976459503174
22000
16.28303098678589
22100
16.146682500839233
22200
16.178226232528687
22300
16.183444499969482
22400
16.304885387420654
22500
16.54920768737793
22600
16.33147931098938
22700
16.37380838394165
22800
16.32321548461914
22900
16.278067350387573
23000
16.3500018119812
23100
16.656989336013794
23200
16.389365196228027
23300
16.315532684326172
23400
16.164623498916626
23500
16.185611248016357
23600
16.181787490844727
23700
16.18387722969055
23800
16.166128396987915
23900
16.156338214874268
24000
16.186100721359253
24100
16.355132341384888
24200
16.22722864151001
24300
16.085813999176025
24400
16.174160480499268
24500
16.209426641464233
24600
16.18637490272522
24700
16.193360090255737
24800
16.36078953742981
24900
16.297272205352783
25000
16.305416107177734
25100
16.36319851875305
25200
16.244839668273926
25300
16.18612289428711
25400
16.25217914581299
25500
16.225152730941772
25600
16.083772659301758
25700
16.342531204223633
25800
16.20612406730652
25900
16.215365171432495
26000
16.296177625656128
26100
16.174734830856323
26200
16.395947456359863
26300
16.185665369033813
26400
16.17699360847473
26500
16.260951042175293
26600
16.162859678268433
26700
16.380656003952026
26800
16.30354356765747
26900
16.211852073669434
27000
16.33999752998352
27100
16.28563117980957
27200
16.221935749053955
27300
16.12180995941162
27400
16.290628910064697
27500
16.276684045791626
27600
16.231775045394897
27700
16.296667098999023
27800
16.29502296447754
27900
16.275627613067627
28000
16.27650237083435
28100
16.38295292854309
28200
16.322439432144165
28300
16.417739391326904
28400
16.37470054626465
28500
16.423994541168213
28600
16.259584188461304
28700
16.38070821762085
28800
16.409729957580566
28900
16.157856464385986
29000
16.328258275985718
29100
16.367801904678345
29200
16.285579681396484
29300
16.620294094085693
29400
16.43037509918213
29500
16.308936834335327
29600
16.331396341323853
29700
16.22765612602234
29800
16.501643657684326
29900
16.49966835975647
30000
16.226686000823975
30100
16.246727228164673
30200
16.088117599487305
30300
16.242665767669678
30400
16.206258535385132
30500
16.081122159957886
30600
16.419070959091187
30700
16.253735303878784
30800
16.313745260238647
30900
16.279972791671753
31000
16.14183735847473
31100
16.35177230834961
31200
16.135799884796143
31300
16.295570850372314
31400
16.179988861083984
31500
16.733654499053955
31600
16.227770566940308
31700
16.360678672790527
31800
16.179640531539917
31900
16.406023025512695
32000
16.20507526397705
32100
16.529834747314453
32200
16.381096124649048
32300
16.179147958755493
32400
16.355713367462158
32500
16.26539158821106
32600
16.275355339050293
32700
16.421335697174072
32800
16.570894956588745
32900
16.347029209136963
33000
16.461772918701172
33100
16.499218463897705
33200
16.326637983322144
33300
16.406684637069702
33400
16.42526340484619
33500
16.348528385162354
33600
16.380617141723633
33700
16.586092710494995
33800
16.194302320480347
33900
16.253605842590332
34000
16.42809772491455
34100
16.273102283477783
34200
16.446482181549072
34300
16.318865299224854
34400
16.163552284240723
34500
16.468533039093018
34600
16.278860569000244
34700
16.44139266014099
34800
16.29680562019348
34900
16.176162242889404
35000
16.49824047088623
35100
16.188819885253906
35200
16.31605339050293
35300
16.089073657989502
35400
16.16321563720703
35500
16.394213676452637
35600
16.1993989944458
35700
16.464840412139893
35800
16.5079927444458
35900
17.192830562591553
36000
16.682875156402588
36100
16.13452911376953
36200
16.121190071105957
36300
16.392404317855835
36400
16.076016902923584
36500
16.286599159240723
36600
16.026262521743774
36700
16.177653789520264
36800
16.16778540611267
36900
16.011348724365234
37000
16.114494800567627
37100
16.194578409194946
37200
16.085267305374146
37300
16.271106958389282
37400
16.22922921180725
37500
16.082807302474976
37600
16.089698314666748
37700
16.08430767059326
37800
16.258259773254395
37900
16.1146399974823
38000
16.36241865158081
38100
16.28285527229309
38200
16.138870000839233
38300
16.099390506744385
38400
16.299406051635742
38500
16.12058997154236
38600
16.351756811141968
38700
16.097888946533203
38800
16.293673753738403
38900
16.70529341697693
39000
16.12520956993103
39100
16.147111654281616
39200
16.29594588279724
39300
16.116001844406128
39400
16.10629940032959
39500
16.105924367904663
39600
16.505786418914795
39700
16.105730295181274
39800
16.407684564590454
39900
16.120166063308716
40000
16.366639375686646
40100
16.195331573486328
40200
16.30477523803711
40300
16.084259033203125
40400
16.293729782104492
40500
16.000417709350586
40600
16.007580041885376
40700
16.054126262664795
40800
16.069941520690918
40900
16.52591562271118
41000
16.15002965927124
41100
16.11179542541504
41200
16.14612102508545
41300
16.383918523788452
41400
16.137457847595215
41500
16.282194137573242
41600
16.262198448181152
41700
16.297749757766724
41800
16.63553524017334
41900
16.430100917816162
42000
16.294745922088623
42100
16.30676531791687
42200
16.320516109466553
42300
16.251922845840454
42400
16.430899143218994
42500
16.530991077423096
42600
16.424391508102417
42700
16.30238175392151
42800
16.33640170097351
42900
16.190773725509644
43000
16.4283127784729
43100
16.47757887840271
43200
16.357922792434692
43300
16.26901364326477
43400
16.298386335372925
43500
16.233939170837402
43600
16.26311445236206
43700
16.485547065734863
43800
16.308940649032593
43900
16.303566217422485
44000
16.552835941314697
44100
16.232876539230347
44200
16.16437554359436
44300
16.25065016746521
44400
16.510210752487183
44500
16.198427200317383
44600
16.33025288581848
44700
16.38533592224121
44800
16.669577598571777
44900
16.275386333465576
45000
16.331212282180786
45100
16.25275945663452
45200
16.172818422317505
45300
16.781265020370483
45400
16.169980764389038
45500
16.157355785369873
45600
16.121443033218384
45700
16.131020545959473
45800
16.153204679489136
45900
16.225741386413574
46000
16.274179697036743
46100
16.466742038726807
46200
16.192726373672485
46300
16.450322151184082
46400
16.357919931411743
46500
16.326598644256592
46600
16.397047519683838
46700
16.201878786087036
46800
16.330824613571167
46900
16.225906133651733
47000
16.49001669883728
47100
16.31711506843567
47200
16.36921787261963
47300
16.375062465667725
47400
16.294936656951904
47500
16.337222814559937
47600
16.455456018447876
47700
16.460532903671265
47800
16.295195817947388
47900
16.321611642837524
48000
16.310500144958496
48100
16.44954204559326
48200
16.30750560760498
48300
16.54698133468628
48400
16.301137447357178
48500
16.305655241012573
48600
16.346198558807373
48700
16.403462648391724
48800
16.265454292297363
48900
16.267054796218872
49000
16.301966428756714
49100
16.35583734512329
49200
16.534042358398438
49300
16.35288405418396
49400
16.35647702217102
49500
16.378278493881226
49600
16.382688999176025
49700
16.284412622451782
49800
16.29977297782898
49900
16.46085286140442
50000
16.250730752944946
50100
16.182997941970825
50200
16.1720609664917
50300
16.19430160522461
50400
16.227282285690308
50500
16.45426917076111
50600
16.226449489593506
50700
16.269148349761963
50800
16.36945629119873
50900
16.27593421936035
51000
16.225964784622192
51100
16.303577661514282
51200
16.466497659683228
51300
16.359675645828247
51400
16.42200255393982
51500
16.191962957382202
51600
16.25792932510376
51700
16.234026193618774
51800
16.27520775794983
51900
16.48471474647522
52000
16.371082067489624
52100
16.435346364974976
52200
16.332999229431152
52300
16.275770902633667
52400
16.30880618095398
52500
16.26899528503418
52600
16.329742908477783
52700
16.268521070480347
52800
16.420480251312256
52900
16.295549869537354
53000
16.22956681251526
53100
16.30837631225586
53200
16.36002779006958
53300
16.276337146759033
53400
16.30708408355713
53500
16.334396600723267
53600
16.433290481567383
53700
16.248212814331055
53800
16.237704753875732
53900
16.353095293045044
54000
16.28527021408081
54100
16.28469753265381
54200
16.283451795578003
54300
16.46592354774475
54400
16.270293474197388
54500
16.258705377578735
54600
16.244055032730103
54700
16.22681736946106
54800
16.344353675842285
54900
16.006409883499146
55000
16.30035376548767
55100
16.446751594543457
55200
16.13017201423645
55300
16.19733500480652
55400
16.33734917640686
55500
16.221548080444336
55600
16.540067195892334
55700
16.337904453277588
55800
16.232099533081055
55900
16.242650032043457
56000
16.238640785217285
56100
16.297219038009644
56200
16.007158279418945
56300
16.180468320846558
56400
16.393108367919922
56500
16.132150650024414
56600
16.116604328155518
56700
16.12323570251465
56800
16.129557847976685
56900
16.25022006034851
57000
16.145166158676147
57100
16.140547275543213
57200
15.910138368606567
57300
16.423914194107056
57400
16.237541913986206
57500
16.28697109222412
57600
16.280622959136963
57700
16.265523672103882
57800
16.293248653411865
57900
16.456592559814453
58000
15.99929165840149
58100
16.357975006103516
58200
16.40535283088684
58300
16.445611000061035
58400
16.408809185028076
58500
16.3908908367157
58600
16.636945962905884
58700
16.434213638305664
58800
16.138049840927124
58900
16.32151484489441
59000
16.37168264389038
59100
16.380754470825195
59200
16.413378715515137
59300
16.282090663909912
59400
16.55259895324707
59500
16.2130024433136
59600
16.459535598754883
59700
16.363532304763794
59800
16.384664297103882
59900
16.439518690109253
60000
16.34245228767395
60100
16.258793592453003
60200
15.883224487304688
60300
16.355542421340942
60400
16.152267456054688
60500
16.133400678634644
60600
16.213557958602905
60700
16.239294290542603
60800
16.462353229522705
60900
16.118985414505005
61000
16.303950548171997
61100
16.382619857788086
61200
16.3963840007782
61300
16.393898010253906
61400
16.336644887924194
61500
16.32576060295105
61600
16.49274778366089
61700
16.397103548049927
61800
16.367904663085938
61900
16.425047159194946
62000
16.421159982681274
62100
16.011945486068726
62200
16.370947122573853
62300
16.3671817779541
62400
16.274580478668213
62500
16.600465536117554
62600
16.344218730926514
62700
16.08203434944153
62800
16.345303773880005
62900
16.324522972106934
63000
16.44901394844055
63100
16.455439805984497
63200
16.16277241706848
63300
16.36083221435547
63400
16.393681287765503
63500
16.370892763137817
63600
16.37550115585327
63700
16.141671419143677
63800
16.434608459472656
63900
16.36653184890747
64000
16.333441495895386
64100
16.38063073158264
64200
16.071865558624268
64300
16.3470721244812
64400
16.38947820663452
64500
16.4161593914032
64600
16.7326180934906
64700
16.144574403762817
64800
16.388584852218628
64900
16.56308388710022
65000
16.343470335006714
65100
16.325639963150024
65200
15.925879001617432
65300
16.241258144378662
65400
16.430853843688965
65500
16.144208669662476
65600
16.13796091079712
65700
15.879152536392212
65800
16.219097137451172
65900
16.385884284973145
66000
16.25826930999756
66100
16.018435955047607
66200
16.314286947250366
66300
16.239871740341187
66400
16.25547742843628
66500
16.271883249282837
66600
15.983251571655273
66700
16.466801166534424
66800
16.250105381011963
66900
16.303157567977905
67000
16.0917706489563
67100
16.268901109695435
67200
16.331104278564453
67300
16.365138292312622
67400
16.040199518203735
67500
16.344066858291626
67600
16.576379537582397
67700
16.332618474960327
67800
16.30908203125
67900
16.00952434539795
68000
16.438096523284912
68100
16.324079275131226
68200
16.299641847610474
68300
16.080904245376587
68400
16.45858073234558
68500
16.436304807662964
68600
16.37289047241211
68700
16.09377121925354
68800
16.36420202255249
68900
16.32776641845703
69000
16.34220862388611
69100
16.05203914642334
69200
16.309253454208374
69300
16.296881437301636
69400
16.333025693893433
69500
15.978336334228516
69600
16.317108869552612
69700
16.30723285675049
69800
15.988795518875122
69900
16.375553607940674
70000
16.268550634384155
70100
16.22444176673889
70200
15.983174324035645
70300
16.220354318618774
70400
16.315285682678223
70500
16.386089086532593
70600
16.013654232025146
70700
16.23091459274292
70800
16.315444231033325
70900
16.336531162261963
71000
16.014545679092407
71100
16.416742086410522
71200
16.224783897399902
71300
15.954861164093018
71400
16.149304389953613
71500
16.134159564971924
71600
16.147350072860718
71700
15.845142841339111
71800
16.174785137176514
71900
16.41394805908203
72000
16.247013568878174
72100
15.983976364135742
72200
16.221994876861572
72300
16.272870540618896
72400
15.952272176742554
72500
16.362386465072632
72600
16.291701316833496
72700
16.288817644119263
72800
16.303704261779785
72900
16.456501007080078
73000
16.42241382598877
73100
15.957935333251953
73200
16.39506196975708
73300
16.316285610198975
73400
16.16994881629944
73500
16.48829674720764
73600
16.313132762908936
73700
16.342203855514526
73800
16.161040782928467
73900
16.426385641098022
74000
16.440059900283813
74100
16.342503309249878
74200
16.494575262069702
74300
16.265597581863403
74400
15.925259113311768
74500
16.362386226654053
74600
16.340100288391113
74700
16.397372007369995
74800
15.973038911819458
74900
16.26787519454956
75000
16.56721782684326
75100
15.82884669303894
75200
16.258461236953735
75300
16.140411853790283
75400
15.923842430114746
75500
16.217089891433716
75600
16.213553190231323
75700
16.099706649780273
75800
16.294698238372803
75900
16.196425437927246
76000
16.267089366912842
76100
15.975022315979004
76200
16.26798391342163
76300
16.545297384262085
76400
16.014058589935303
76500
16.333569765090942
76600
16.245330095291138
76700
15.963134288787842
76800
16.286317586898804
76900
16.392038345336914
77000
16.06994080543518
77100
16.512857675552368
77200
16.330304384231567
77300
16.032236576080322
77400
16.336199522018433
77500
16.329279899597168
77600
16.056535005569458
77700
16.34571862220764
77800
16.480060338974
77900
15.994986772537231
78000
16.61716389656067
78100
16.34985089302063
78200
15.983412504196167
78300
16.281336307525635
78400
16.350024461746216
78500
16.04849934577942
78600
16.475370168685913
78700
16.387956380844116
78800
16.00920605659485
78900
16.344512462615967
79000
16.366349458694458
79100
16.051998376846313
79200
16.467270851135254
79300
16.84372639656067
79400
16.064239263534546
79500
16.39864706993103
79600
16.415011644363403
79700
16.105177879333496
79800
16.400146007537842
79900
15.992882490158081
80000
16.494503259658813
80100
16.374506950378418
80200
16.20619297027588
80300
16.41300320625305
80400
16.429446697235107
80500
15.928169012069702
80600
16.29935097694397
80700
16.3282208442688
80800
15.926227331161499
80900
16.498857736587524
81000
16.394527435302734
81100
16.12449359893799
81200
16.466261386871338
81300
16.333389282226562
81400
16.082611799240112
81500
16.6010103225708
81600
16.019611358642578
81700
16.440839052200317
81800
16.270737648010254
81900
15.947068452835083
82000
16.37287735939026
82100
16.382623434066772
82200
16.37363624572754
82300
16.427897930145264
82400
16.33300280570984
82500
16.034284830093384
82600
16.419986963272095
82700
16.111254453659058
82800
16.37308144569397
82900
16.430313110351562
83000
16.245119094848633
83100
16.563485383987427
83200
16.480562925338745
83300
16.01134753227234
83400
16.413347005844116
83500
16.107744693756104
83600
16.386658668518066
83700
16.458677530288696
83800
16.17904543876648
83900
16.416810750961304
84000
16.45443606376648
84100
16.02468967437744
84200
16.334994792938232
84300
15.98492169380188
84400
16.513245344161987
84500
16.31278347969055
84600
15.9575777053833
84700
16.33725881576538
84800
16.012027740478516
84900
16.429542541503906
85000
16.467067003250122
85100
15.909142017364502
85200
16.272229194641113
85300
16.39561438560486
85400
15.84367823600769
85500
16.27241039276123
85600
15.821775674819946
85700
16.194307565689087
85800
16.20715022087097
85900
15.861902952194214
86000
16.241410732269287
86100
15.921146631240845
86200
16.276031017303467
86300
16.406453609466553
86400
15.975518703460693
86500
16.31016969680786
86600
15.947390794754028
86700
16.354671955108643
86800
16.3940532207489
86900
15.92111849784851
87000
16.62951374053955
87100
15.950234413146973
87200
16.320154905319214
87300
16.286814212799072
87400
15.916020631790161
87500
16.311453819274902
87600
15.934585094451904
87700
16.31832194328308
87800
16.29827046394348
87900
16.06063747406006
88000
16.323334455490112
88100
15.985589027404785
88200
16.317619800567627
88300
16.3327157497406
88400
15.942931175231934
88500
16.294679403305054
88600
15.91151762008667
88700
16.532602071762085
88800
16.305625677108765
88900
15.942003011703491
89000
16.344486236572266
89100
15.965808391571045
89200
16.54496741294861
89300
15.951788187026978
89400
16.320928812026978
89500
16.297414302825928
89600
16.102495670318604
89700
16.314898014068604
89800
15.940429449081421
89900
16.329744577407837
90000
16.129950761795044
90100
16.246429681777954
90200
16.241108655929565
90300
15.830132246017456
90400
16.230923175811768
90500
15.88122034072876
90600
16.33952569961548
90700
16.429184436798096
90800
15.913419008255005
90900
16.408771514892578
91000
15.854991674423218
91100
16.285300731658936
91200
15.891763925552368
91300
16.304946184158325
91400
16.25678539276123
91500
16.01948356628418
91600
16.493802070617676
91700
15.932036638259888
91800
16.29645872116089
91900
15.908569097518921
92000
16.337318420410156
92100
16.30098533630371
92200
16.14693808555603
92300
16.32031488418579
92400
15.918401956558228
92500
16.30530595779419
92600
15.931362628936768
92700
16.328049659729004
92800
16.335550546646118
92900
15.911778450012207
93000
16.32768487930298
93100
16.242318391799927
93200
16.408234357833862
93300
16.00614285469055
93400
16.357136487960815
93500
15.92081594467163
93600
16.335881233215332
93700
16.31518793106079
93800
15.934707403182983
93900
16.572994232177734
94000
15.94341230392456
94100
16.344090938568115
94200
15.973802089691162
94300
16.357489824295044
94400
15.921496152877808
94500
16.372657299041748
94600
16.42745876312256
94700
15.988610982894897
94800
16.538694620132446
94900
15.942245960235596
95000
16.59831976890564
95100
16.119411945343018
95200
16.49964189529419
95300
15.920809030532837
95400
16.475826025009155
95500
16.4213285446167
95600
16.001923322677612
95700
16.722052574157715
95800
15.99055528640747
95900
16.51552104949951
96000
16.01925539970398
96100
16.389004468917847
96200
16.042984008789062
96300
16.4718017578125
96400
16.15155839920044
96500
16.61719036102295
96600
16.40951418876648
96700
16.013185024261475
96800
16.40684151649475
96900
15.977656841278076
97000
16.417893409729004
97100
15.983209609985352
97200
16.433050632476807
97300
16.068247079849243
97400
16.670639514923096
97500
16.054016828536987
97600
16.560938119888306
97700
16.56106448173523
97800
16.152485132217407
97900
16.65152883529663
98000
16.076600074768066
98100
16.52448272705078
98200
16.03645634651184
98300
16.693855047225952
98400
16.033530473709106
98500
16.542216777801514
98600
16.094053983688354
98700
16.589415550231934
98800
16.135835647583008
98900
16.55305314064026
99000
16.19385075569153
99100
16.49496293067932
99200
16.010490655899048
99300
16.43085217475891
99400
16.549887895584106
99500
16.044999599456787
99600
16.47911238670349
99700
15.998632192611694
99800
16.41721796989441
99900
16.16953754425049
100000
16.799395322799683
100100
16.058276891708374
100200
16.406073331832886
100300
15.878374338150024
100400
16.329216480255127
100500
15.924209117889404
100600
16.367507696151733
100700
16.08387780189514
100800
16.421770334243774
100900
16.05849528312683
101000
16.446324586868286
101100
16.013609409332275
101200
16.389329195022583
101300
16.385868549346924
101400
15.93228554725647
101500
16.406803607940674
101600
16.280322790145874
101700
16.389952898025513
101800
15.961137056350708
101900
16.413397312164307
102000
15.948668241500854
102100
16.355336904525757
102200
15.932389736175537
102300
16.453994512557983
102400
16.037646293640137
102500
16.6042742729187
102600
16.22828435897827
102700
16.473035097122192
102800
16.05941605567932
102900
16.483702659606934
103000
16.06603741645813
103100
16.43598461151123
103200
15.966822862625122
103300
16.389760732650757
103400
15.95562219619751
103500
16.788809776306152
103600
16.02471661567688
103700
16.539526224136353
103800
16.04534101486206
103900
16.42774200439453
104000
15.987823724746704
104100
16.442594289779663
104200
16.240550756454468
104300
16.53834295272827
104400
16.08184838294983
104500
16.49698758125305
104600
16.032599925994873
104700
16.53087592124939
104800
16.015496969223022
104900
16.520010232925415
105000
16.23460602760315
105100
16.654962062835693
105200
16.05796790122986
105300
16.39886474609375
105400
16.044307708740234
105500
16.51811933517456
105600
16.074271202087402
105700
16.530965328216553
105800
16.02836585044861
105900
16.360675811767578
106000
16.017398834228516
106100
