0 20 normal
Running object 0
0.0
0.2800371156975424 1 -0.09984317372109767 0.26858647984644374
-0.021269733366387534 -0.009125793747878285 0.10582610990598548
{'g': 0.5060776, 'r': 0.88196576, 'i': 0.86586434, 'z': 0.9241699}
[-0.73207225  0.62947394]
ROW: 0 Tau: 0.629473939689462 V: -0.7320722548277567
Running object 1
0.0
-0.7089286940806244 1 -0.671390923139179 -0.6614988275251571
0.020293111390662765 -0.021912257937989895 0.011447683157078826
{'g': 1.0588357, 'r': 1.097474, 'i': 1.1705, 'z': 1.5961295}
[-2.21563805  3.99293628]
ROW: 1 Tau: 3.9929362832248447 V: -2.215638045125234
Running object 2
0.0
-1.8688013355534536 1 -0.8317391485766874 -1.0837817843454478
-0.015020204345790293 0.001882896486194123 -0.00011142511097810617
{'g': 0.3361088, 'r': 1.2054077, 'i': 3.47971, 'z': 5.483386}
[-1.96905484  3.99909912]
ROW: 2 Tau: 3.999099119606053 V: -1.9690548396390073
Running object 3
0.0
-0.18636597821196255 1 -0.9753010171760538 -1.086188316089002
0.007915706807906495 0.00552311997215235 -0.0012734365173671133
{'g': 0.43658927, 'r': 1.6448604, 'i': 4.9906187, 'z': 7.9101295}
[-2.2328743   3.99856153]
ROW: 3 Tau: 3.998561527773849 V: -2.2328742953578913
Running object 4
0.0
-0.25399116948675016 1 -0.6245518571288964 -0.7230711720826417
-0.0019637823276217607 0.004084742375544368 -0.0014923241873544756
{'g': 0.3672936, 'r': 1.7518214, 'i': 3.1428778, 'z': 4.212097}
[-1.8528236   0.96530518]
ROW: 4 Tau: 0.9653051797798672 V: -1.8528236002237386
Running object 5
0.0
0.1602065203745458 1 -0.8613903745020534 -0.7018994846849179
-0.007763217580458369 -0.0002585396898714724 0.00014123003972477965
{'g': 3.637891, 'r': 13.403056, 'i': 33.39312, 'z': 48.8948}
[-2.1918723   3.99975248]
ROW: 5 Tau: 3.999752479447175 V: -2.1918722991288218
Running object 6
0.0
-0.5393870321829113 1 -0.4915248266327331 -1.0686706747580415
0.015946446695572793 -0.002060264861558153 -0.0011989672878672127
{'g': 1.3889608, 'r': 3.6115189, 'i': 5.0967503, 'z': 6.1842613}
[-2.28745103  3.99797634]
ROW: 6 Tau: 3.9979763353224924 V: -2.2874510257307477
Running object 7
0.0
-0.4055279761902669 1 -0.32854600289500707 -0.5639128538554218
0.028332699458021776 -0.020548502781306734 -0.01696794731832653
{'g': 0.32046163, 'r': 0.5349254, 'i': 0.79403913, 'z': 0.9041529}
[-1.53535273  1.15143056]
ROW: 7 Tau: 1.1514305625403807 V: -1.535352726530781
Running object 8
0.0
-0.8575797416483261 1 -0.9422406716354181 -0.4651363517022634
-0.0016778808247788035 0.02911502836034036 0.017775280729128734
{'g': 0.582807, 'r': 0.79768914, 'i': 0.8124022, 'z': 0.8949821}
emcee: Exception while calling your likelihood function:
  params: [-1.3109626   0.45225857]
  args: (array([56285.2265625 , 56290.2109375 , 56299.0859375 , 56299.08984375,
       56299.08984375, 56309.1875    , 56322.1171875 , 56331.06640625,
       56331.0703125 , 56331.0703125 , 56543.30859375, 56543.3125    ,
       56543.3125    , 56543.31640625, 56543.3203125 , 56547.2734375 ,
       56547.2734375 , 56547.27734375, 56552.27734375, 56559.1953125 ,
       56559.19921875, 56563.203125  , 56563.203125  , 56563.20703125,
       56563.2109375 , 56575.19140625, 56575.1953125 , 56575.19921875,
       56575.19921875, 56579.1796875 , 56594.13671875, 56594.13671875,
       56594.140625  , 56602.1171875 , 56602.12109375, 56602.125     ,
       56602.12890625, 56607.05859375, 56614.078125  , 56614.08203125,
       56614.08203125, 56615.09765625, 56615.1015625 , 56615.10546875,
       56625.18359375, 56625.18359375, 56625.1875    , 56625.19140625,
       56625.19140625, 56628.08203125, 56628.08203125, 56628.0859375 ,
       56645.078125  , 56649.17578125, 56653.09375   , 56660.08984375,
       56660.09765625, 56667.12109375, 56682.08984375, 56693.04296875,
       56887.39453125, 56887.3984375 , 56887.3984375 , 56891.39453125,
       56904.30078125, 56904.3046875 , 56920.31640625, 56927.24609375,
       56943.23046875, 56943.23046875, 56943.234375  , 56943.23828125,
       56949.32421875, 56949.328125  , 56949.33203125, 56960.27734375,
       56988.03125   , 56988.03125   , 56988.03515625, 56988.03515625,
       56992.13671875, 56992.140625  , 56992.14453125, 56992.14453125,
       57008.12109375, 57012.0859375 , 57012.0859375 , 57012.08984375,
       57019.07421875, 57019.07421875, 57019.078125  , 57026.171875  ,
       57026.17578125, 57047.09765625, 57255.4140625 , 57265.37109375,
       57276.3515625 , 57278.2421875 , 57332.078125  , 57365.19140625,
       57408.07421875]), array([-0.0035224 , -0.02377074,  0.00401303, -0.01446213,  0.16039928,
       -0.0167134 , -0.00328044,  0.0025437 ,  0.08118413, -0.00117894,
       -0.01250911, -0.01078493,  0.23117528,  0.12720801, -0.00799267,
       -0.00779911,  0.03585225, -0.00294593, -0.00844089,  0.00691584,
        0.14552879, -0.01095005, -0.00115288, -0.0072655 ,  0.04307463,
       -0.03229717, -0.20760255, -0.1369492 , -0.05535654, -0.009391  ,
        0.02210187,  0.00291308,  0.21805537, -0.03800385, -0.01734063,
       -0.17060972, -0.06368424,  0.14376291, -0.01544024, -0.02522155,
        0.07068945,  0.43211604, -0.01559391,  0.0159771 , -0.03001539,
       -0.07712974, -0.01146776, -0.08552561, -0.04806619, -0.0068185 ,
        0.04266534,  0.14134578,  0.00796346,  0.13418378,  0.12651894,
       -0.02037515, -0.0534575 , -0.01178026, -0.14264749, -0.00757597,
       -0.01896633, -0.09241914, -0.01390747, -0.02329756,  0.0655996 ,
        0.03406563, -0.16411839,  0.02535692, -0.16389554,  0.01179244,
       -0.01912201, -0.11110408, -0.04023177, -0.01838103, -0.10273611,
       -0.0053252 , -0.05202783, -0.00913524, -0.02325322,  0.08576186,
       -0.10180985, -0.00776535, -0.11279743, -0.07154756, -0.12205005,
       -0.01790171, -0.00185938, -0.02136623,  0.08248144,  0.00249305,
        0.06755172, -0.01111517, -0.02494036, -0.10948349, -0.00891996,
       -0.00255128,  0.27722473, -0.02913999, -0.0147433 , -0.12635801,
       -0.05969325]), array([0.01234814, 0.00839961, 0.00245183, 0.0052854 , 0.02427201,
       0.00925725, 0.02615432, 0.00366564, 0.00349434, 0.01016599,
       0.00319739, 0.00612574, 0.00425726, 0.01410919, 0.01420359,
       0.00418961, 0.01125534, 0.01269668, 0.01162277, 0.01104696,
       0.0143787 , 0.00323763, 0.0057495 , 0.01671254, 0.02140157,
       0.00187172, 0.00197411, 0.00868543, 0.0085447 , 0.01687569,
       0.00656257, 0.01324717, 0.03471875, 0.00159923, 0.00349069,
       0.0099522 , 0.01099997, 0.01682288, 0.01370032, 0.03853413,
       0.02115731, 0.02991907, 0.01423722, 0.02191049, 0.00206578,
       0.00205817, 0.00401234, 0.00932259, 0.00856245, 0.00598514,
       0.01923767, 0.02027265, 0.02624153, 0.02181497, 0.03276127,
       0.00191212, 0.00977766, 0.00984565, 0.01414357, 0.01788105,
       0.00419708, 0.01192903, 0.0147449 , 0.00800935, 0.01640019,
       0.01757676, 0.00596721, 0.01317144, 0.00516502, 0.01439001,
       0.00388174, 0.00599294, 0.00186489, 0.00312839, 0.0081607 ,
       0.01298228, 0.00347986, 0.00750522, 0.00680125, 0.02045116,
       0.00837795, 0.00684893, 0.01341409, 0.01307342, 0.00984106,
       0.00236009, 0.00387895, 0.00993858, 0.00623108, 0.00693784,
       0.01654413, 0.01784526, 0.02262861, 0.02084034, 0.01258858,
       0.0162164 , 0.02293851, 0.01423371, 0.00494175, 0.00551289,
       0.01978368]))
  kwargs: {}
  exception:
