Run 1_debug_tau_restrict
75375 75376 normal
Running object 75375
0.0
{'g': 4.319595, 'r': 4.558665, 'i': 5.3296957, 'z': 5.195274}
[2.38179741 2.09799009 2.9047532  2.84783998 2.16154669 2.60793254
 2.63830227 3.04440919 2.07371934 2.9755882  2.07175853 2.57971421
 2.99051164 2.09311459 2.8315495  2.24216997 2.24511905 2.13861739
 2.96418175 3.03659217 3.01858494 3.03700071 2.10609726 2.98237578
 2.61653906 2.21804669 2.07467141 2.53975731 2.63176074 2.24485664
 2.21672215 2.98460074 2.4276863  2.75877816 2.2975391  2.27477574
 2.82852034 3.05936617 2.9356582  2.47839863 3.06178824 2.6423113
 2.11448294 2.4358014  2.30023961 2.1788877  2.20814947 2.85734315
 2.94416689 2.3787004  2.30580358 2.78963971 2.32780012 2.41508978
 2.48722701 2.2056711  2.3849429  2.57155297 2.46667804 2.96470773
 2.98396021 2.72962944 2.2109672  2.37230838 2.58850869 2.24187604
 2.16102024 2.34989885 2.59779612 2.76476975 2.38729329 2.78156855
 2.92123957 2.51408969 2.27465909 2.12589719 2.17695409 2.49886177
 2.89874962 2.63720814 2.46372741 2.49944323 2.9405605  2.62302245
 2.61300003 2.74847022 2.9159341  2.70308257 2.81028189 2.2934603
 2.70026317 3.00020728 2.11018326 2.48735925 2.18269546 2.20012222
 2.59822574 2.06468318 2.42857035 2.33155008]
(75, 287)
22787
-302.1578452632951
[ 0.29490558  1.00456559 -0.02100855  0.04272961 -0.00388421 -0.0153757
  0.66509928  1.11395749  1.1083767 ]
(75, 237)
18987
-302.1578452632951
[ 0.29490558  1.00456559 -0.02100855  0.04272961 -0.00388421 -0.0153757
  0.66509928  1.11395749  1.1083767 ]
ROW: 75375 Tau: 1.0045655865761876 V: 0.29490557805391693 dMu: -0.021008548086091712
Run 2_debug_tau_restrict
75375 75376 normal
Running object 75375
0.0
{'g': 4.319595, 'r': 4.558665, 'i': 5.3296957, 'z': 5.195274}
[2.78064661 2.18881359 2.69039553 2.59992746 2.70055746 2.34893582
 2.94180613 2.4690696  2.98014038 2.20425316 2.76266967 2.41135449
 2.08899446 2.78618637 2.75137322 2.61471022 2.32770798 2.10400626
 2.36500768 2.62277108 2.55887317 2.17641428 2.73265013 2.26678811
 2.93703379 2.67503401 2.59384722 2.46537512 2.37396965 2.81401186
 2.59271173 2.47587096 2.29771405 2.24648827 2.29966652 2.2965216
 2.63742888 2.41672103 2.30481596 2.4461178  2.14169901 2.79924389
 2.49533392 2.21023846 2.07358839 2.21526083 2.9296969  2.91589712
 2.80234753 2.23248757 2.06569777 2.27469292 2.49227998 2.07521811
 2.48624444 2.90230332 2.83295146 2.5083659  2.84384736 2.86687418
 2.6329963  2.79253797 2.71459635 2.67451034 2.22647039 2.71036708
 2.22376406 2.37470882 2.65330673 2.37486385 2.94036818 2.18735338
 3.03814663 2.64232118 2.55239173 2.69376385 2.63813443 2.7849839
 2.50548804 2.26855794 2.21881791 3.02490902 2.36749385 2.92509175
 2.64760684 2.91374162 2.49453908 2.30834511 2.18433053 2.29965925
 2.1475237  2.36378668 2.46506103 2.2901044  2.64570054 2.11760108
 2.68522386 2.80590382 2.45438646 2.53179525]
(91, 260)
27560
-302.0981028379556
[ 0.30717652  1.00102547  0.02252063 -0.01078227 -0.04549717  0.02391394
  0.66547783  1.10740274  1.10918307]
(91, 210)
22960
-302.0981028379556
[ 0.30717652  1.00102547  0.02252063 -0.01078227 -0.04549717  0.02391394
  0.66547783  1.10740274  1.10918307]
ROW: 75375 Tau: 1.0010254747529896 V: 0.307176521215888 dMu: 0.022520633438664353
Run 3_debug_tau_restrict
75375 75376 normal
Running object 75375
0.0
{'g': 4.319595, 'r': 4.558665, 'i': 5.3296957, 'z': 5.195274}
[2.51637421 2.65974233 2.77898271 2.75547979 2.73676213 2.49175966
 2.86449837 2.99822206 2.82796939 2.58484541 2.30288555 2.84646539
 2.07591799 2.37846458 2.27850628 2.53995506 2.55370982 2.22987309
 2.49651432 2.47883296 2.77647111 2.31716127 2.18121671 2.69594996
 3.00444262 2.47046074 2.45385519 2.21369635 2.41155756 3.03254492
 2.78379207 2.90182767 2.9825819  2.51076071 2.29630848 2.27118633
 2.42803583 3.03068172 2.18715031 3.01975807 2.79330773 2.354724
 2.21256795 2.14440674 2.58836269 2.11621478 2.09176015 2.1861303
 2.30825344 2.71460616 2.77622882 2.88907514 2.59356018 2.30770372
 2.10569788 2.77197809 2.36428331 2.77632015 2.28443245 2.95336994
 2.73521127 2.60702077 2.86468974 2.9262238  2.20911364 2.55530552
 2.26310692 2.94695043 2.58628291 2.2296062  2.9777945  2.53928793
 2.92025655 2.92954052 2.3515733  2.52228251 2.95650106 2.62760781
 3.05038659 2.26785048 2.64546597 3.06162507 2.42789426 2.47447087
 2.88634721 3.02140412 2.157532   2.22266201 2.33803674 2.437839
 2.84088095 2.18894941 2.13451929 2.49198259 2.8692035  2.828363
 2.39620351 2.14608639 2.10126733 2.66465048]
(2, 252)
852
-302.3877861023288
[ 0.28871462  1.00854423  0.02277947 -0.02798289 -0.00552643  0.03424192
  0.65880154  1.11067841  1.12265771]
(2, 202)
702
-302.3877861023288
[ 0.28871462  1.00854423  0.02277947 -0.02798289 -0.00552643  0.03424192
  0.65880154  1.11067841  1.12265771]
ROW: 75375 Tau: 1.0085442305616 V: 0.288714620768691 dMu: 0.022779471749896384
Run 4_debug_tau_restrict
75375 75376 normal
Running object 75375
0.0
{'g': 4.319595, 'r': 4.558665, 'i': 5.3296957, 'z': 5.195274}
[2.84851844 2.26584165 2.67293045 2.9946202  2.16365414 2.62517952
 3.01159116 2.44823068 2.09351969 2.60281727 2.46163945 2.41854547
 2.90844741 2.55644478 2.90295678 2.67094747 2.17588394 2.54890224
 2.7419286  2.56146775 2.6147478  3.018133   2.44513748 2.95754767
 2.82082805 2.11329986 2.67938116 2.1096849  2.53496284 2.6840645
 2.201263   2.70969425 2.54127436 2.51694878 2.93724356 2.76650491
 3.04014213 2.7992381  2.10023353 2.46032976 2.32476364 2.93053348
 2.61259053 2.48865405 2.60738542 2.47699601 2.34817599 2.7508242
 3.05184764 2.36391591 3.02857941 2.94643505 2.40387911 3.0308806
 2.75055573 2.9758358  2.09794449 2.73623777 2.6337824  3.05832195
 2.84692471 2.51977572 2.30128377 2.0865429  2.74138923 2.8574199
 2.58231077 2.70009436 2.98881762 3.02856404 2.43257619 2.28561318
 2.33574569 2.74079519 2.6106786  2.57395282 2.08440764 2.78505797
 2.77336451 2.84396538 3.04658161 2.50092664 2.27279763 2.68410403
 2.17795631 2.52621143 2.29616232 2.30086091 2.62046908 3.03592216
 2.32160113 2.56962816 2.56302928 2.36483679 2.45582563 2.65135613
 2.44122369 2.68519781 3.05538566 2.35580239]
(27, 286)
8386
-302.03192535927326
[ 0.3064332   1.00582231 -0.00318982 -0.01031482  0.01938898  0.01920196
  0.66551149  1.11660257  1.12746845]
(27, 236)
6986
-302.03192535927326
[ 0.3064332   1.00582231 -0.00318982 -0.01031482  0.01938898  0.01920196
  0.66551149  1.11660257  1.12746845]
ROW: 75375 Tau: 1.0058223112379698 V: 0.30643319876483827 dMu: -0.0031898152346393543
Run 5_debug_tau_restrict
75375 75376 normal
Running object 75375
0.0
{'g': 4.319595, 'r': 4.558665, 'i': 5.3296957, 'z': 5.195274}
[2.28028073 2.41259064 2.16685821 2.75227979 2.23672004 2.66203802
 2.35957269 2.17941119 2.99202424 2.23770103 2.31705648 2.87392627
 2.72237315 2.38853669 2.83405753 2.06491655 2.46796749 2.6990362
 2.60535516 2.97376049 2.39074285 2.71723758 2.62886983 2.26069997
 2.27541234 2.78004099 3.00720245 2.11147585 2.47136276 2.15322528
 2.51263485 2.37950047 2.23353345 2.13418162 2.95184849 2.07046609
 2.42965335 2.33474173 2.89152993 2.97018518 2.44718292 2.59763422
 2.36174963 2.54041685 2.78192257 2.75564506 2.36347999 2.46104247
 2.13602267 2.57522507 2.06402233 2.41718446 2.24314756 2.94875199
 3.03922923 2.6833281  2.37525009 2.60983051 2.69020491 2.93407736
 2.35778551 2.39151599 2.31349848 2.22889711 2.85258107 2.82855462
 2.30771044 3.04925383 2.9904577  2.51611188 2.77164963 2.14566425
 2.84285456 2.96075106 3.04046052 2.69794365 2.84925384 2.84887975
 2.19991429 2.50742814 2.73957677 2.23807731 2.10909575 3.00131501
 2.13139993 2.53691555 3.02780569 2.2916276  2.936506   2.59736371
 2.57830183 2.57728458 3.05511782 2.40873462 2.30782871 3.0101416
 2.57247616 2.39029771 2.61196176 2.13168576]
emcee: Exception while calling your likelihood function:
  params: [ 0.32153907  1.03078716  0.00684558 -0.06697454  0.17355047  0.03474294
  0.6641559   1.11258175  1.13684616]
  args: (array([56266.25390625, 56266.25390625, 56266.2578125 , 56266.26171875,
       56266.26171875, 56268.1171875 , 56271.2890625 , 56271.29296875,
       56271.296875  , 56277.20703125, 56277.20703125, 56277.2109375 ,
       56285.22265625, 56285.22265625, 56285.2265625 , 56285.2265625 ,
       56285.23046875, 56290.20703125, 56290.20703125, 56290.2109375 ,
       56290.21484375, 56290.21484375, 56299.0859375 , 56299.0859375 ,
       56299.08984375, 56299.08984375, 56299.09375   , 56309.18359375,
       56309.1875    , 56309.1875    , 56309.19140625, 56309.1953125 ,
       56322.1171875 , 56322.125     , 56326.11328125, 56326.1171875 ,
       56326.1171875 , 56326.12109375, 56326.125     , 56331.06640625,
       56331.0703125 , 56331.0703125 , 56331.07421875, 56331.078125  ,
       56534.21875   , 56534.21875   , 56534.22265625, 56534.2265625 ,
       56534.2265625 , 56538.36328125, 56538.3671875 , 56538.37109375,
       56538.37109375, 56538.375     , 56543.30859375, 56543.3125    ,
       56543.3125    , 56543.31640625, 56543.3203125 , 56547.26953125,
       56547.26953125, 56547.2734375 , 56547.2734375 , 56547.27734375,
       56551.25390625, 56552.26953125, 56552.27734375, 56552.27734375,
       56552.28125   , 56559.19140625, 56559.19140625, 56559.1953125 ,
       56559.19921875, 56559.19921875, 56563.19921875, 56563.203125  ,
       56563.203125  , 56563.20703125, 56563.2109375 , 56567.21875   ,
       56567.22265625, 56567.22265625, 56567.2265625 , 56567.23046875,
       56575.19140625, 56575.1953125 , 56575.1953125 , 56575.19921875,
       56575.19921875, 56579.1796875 , 56579.18359375, 56579.18359375,
       56579.1875    , 56579.19140625, 56594.1328125 , 56594.13671875,
       56594.140625  , 56594.140625  , 56602.1171875 , 56602.12109375,
       56602.12109375, 56602.125     , 56602.12890625, 56607.05859375,
       56607.05859375, 56607.0625    , 56607.06640625, 56614.07421875,
       56614.07421875, 56614.078125  , 56614.08203125, 56614.08203125,
       56615.09765625, 56615.09765625, 56615.1015625 , 56615.1015625 ,
       56615.10546875, 56625.18359375, 56625.1875    , 56625.19140625,
       56625.19140625, 56628.07421875, 56628.078125  , 56628.08203125,
       56628.08203125, 56628.0859375 , 56635.12890625, 56635.12890625,
       56635.1328125 , 56635.1328125 , 56635.13671875, 56645.078125  ,
       56645.078125  , 56645.08203125, 56645.0859375 , 56645.0859375 ,
       56649.1640625 , 56649.16796875, 56649.171875  , 56649.171875  ,
       56649.17578125, 56653.0859375 , 56653.08984375, 56653.08984375,
       56653.09375   , 56653.09375   , 56660.08984375, 56660.08984375,
       56660.09375   , 56660.09375   , 56660.09765625, 56667.1171875 ,
       56667.1171875 , 56667.12109375, 56667.125     , 56667.125     ,
       56682.08203125, 56682.08203125, 56682.0859375 , 56682.08984375,
       56682.08984375, 56686.12109375, 56686.12109375, 56686.125     ,
       56686.12890625, 56686.12890625, 56693.03515625, 56693.03515625,
       56693.0390625 , 56693.04296875, 56693.04296875, 56887.390625  ,
       56887.390625  , 56887.39453125, 56887.3984375 , 56887.3984375 ,
       56891.390625  , 56891.39453125, 56891.39453125, 56891.3984375 ,
       56891.40234375, 56904.296875  , 56904.296875  , 56904.30078125,
       56904.30078125, 56904.3046875 , 56912.34375   , 56912.34765625,
       56912.34765625, 56912.3515625 , 56912.3515625 , 56920.3046875 ,
       56920.30859375, 56920.30859375, 56920.3125    , 56920.31640625,
       56927.234375  , 56927.23828125, 56927.23828125, 56927.2421875 ,
       56927.24609375, 56933.2265625 , 56943.23046875, 56943.23046875,
       56943.234375  , 56943.23828125, 56943.23828125, 56949.32421875,
       56949.32421875, 56949.328125  , 56949.33203125, 56949.33203125,
       56956.3359375 , 56956.33984375, 56956.34375   , 56956.34375   ,
       56956.34765625, 56960.26953125, 56960.2734375 , 56960.27734375,
       56960.27734375, 56960.28125   , 56966.35546875, 56966.359375  ,
       56966.36328125, 56973.31640625, 56973.31640625, 56973.3203125 ,
       56973.3203125 , 56973.32421875, 56980.31640625, 56980.3203125 ,
       56980.3203125 , 56980.32421875, 56980.328125  , 56988.03125   ,
       56988.03125   , 56988.03515625, 56988.03515625, 56988.0390625 ,
       56992.13671875, 56992.13671875, 56992.140625  , 56992.14453125,
       56992.14453125, 57008.109375  , 57008.11328125, 57008.1171875 ,
       57008.1171875 , 57008.12109375, 57012.08203125, 57012.0859375 ,
       57012.0859375 , 57012.08984375, 57012.08984375, 57018.07421875,
       57018.078125  , 57018.08203125, 57019.0703125 , 57019.07421875,
       57019.07421875, 57019.078125  , 57019.078125  , 57026.16796875,
       57026.16796875, 57026.171875  , 57026.171875  , 57026.17578125,
       57033.16015625, 57033.1640625 , 57033.1640625 , 57033.16796875,
       57033.171875  , 57040.17578125, 57040.17578125, 57040.1796875 ,
       57040.18359375, 57040.18359375, 57047.0859375 , 57047.08984375,
       57047.08984375, 57047.09375   , 57047.09765625, 57054.03515625,
       57054.03515625, 57054.0390625 , 57054.0390625 , 57054.04296875,
       57061.140625  , 57061.14453125, 57061.1484375 , 57061.1484375 ,
       57061.15234375, 57066.03515625, 57066.03515625, 57249.421875  ,
       57255.41015625, 57255.4140625 , 57255.4140625 , 57255.41796875,
       57255.421875  , 57265.36328125, 57265.3671875 , 57265.3671875 ,
       57265.37109375, 57265.37109375, 57276.34375   , 57276.3515625 ,
       57278.234375  , 57278.234375  , 57278.23828125, 57278.2421875 ,
       57278.2421875 , 57286.2578125 , 57291.1953125 , 57291.1953125 ,
       57291.203125  , 57304.17578125, 57304.1796875 , 57304.18359375,
       57304.18359375, 57304.1875    , 57311.35546875, 57311.359375  ,
       57311.359375  , 57311.36328125, 57311.36328125, 57315.234375  ,
       57315.234375  , 57315.23828125, 57319.15625   , 57325.12109375,
       57325.125     , 57325.12890625, 57325.12890625, 57329.2109375 ,
       57329.21484375, 57329.21484375, 57329.21875   , 57329.22265625,
       57332.078125  , 57332.078125  , 57332.08203125, 57332.0859375 ,
       57339.296875  , 57339.296875  , 57339.30078125, 57339.30078125,
       57339.3046875 , 57345.3125    , 57345.3125    , 57345.31640625,
       57345.3203125 , 57345.3203125 , 57355.23828125, 57355.23828125,
       57355.2421875 , 57355.24609375, 57355.24609375, 57365.18359375,
       57365.18359375, 57365.1875    , 57365.19140625, 57365.19140625,
       57372.23828125, 57372.23828125, 57372.2421875 , 57375.046875  ,
       57375.046875  , 57375.05078125, 57375.05078125, 57375.0546875 ,
       57385.1484375 , 57385.15234375, 57385.15234375, 57385.15625   ,
       57385.15625   , 57389.1484375 , 57389.15234375, 57389.15234375,
       57389.15625   , 57389.16015625, 57394.15625   , 57394.16015625,
       57394.16015625, 57394.1640625 , 57394.16796875, 57401.13671875,
       57401.13671875, 57401.140625  , 57401.14453125, 57401.14453125,
       57408.06640625, 57408.06640625, 57408.0703125 , 57408.0703125 ,
       57408.07421875, 57425.14453125, 57425.1484375 , 57425.15234375,
       57425.15234375, 57425.15625   ]), array([-0.23381691, -0.1299683 , -0.19913866, -0.16268615, -0.1295495 ,
       -0.21076672, -0.22730727, -0.13999513, -0.13855909, -0.21467263,
       -0.14797243, -0.1721497 , -0.17372636, -0.1096957 , -0.20152754,
       -0.14322221, -0.14077473, -0.24173458, -0.11779612, -0.19785523,
       -0.15808967, -0.15362112, -0.21937796, -0.12286304, -0.19384216,
       -0.17118469, -0.16808923, -0.15030357, -0.2195701 , -0.20174614,
       -0.13551731, -0.15128617, -0.14465003, -0.12793174, -0.17065996,
       -0.22965278, -0.22143354, -0.12640493, -0.12341841, -0.170756  ,
       -0.22938485, -0.22114688, -0.19614872, -0.16509719, -0.32174802,
       -0.25910726, -0.2273106 , -0.20142862, -0.15658359, -0.23701212,
       -0.28191632, -0.26072255, -0.20693099, -0.20981325, -0.24755618,
       -0.29219815, -0.25867271, -0.19660313, -0.21410961, -0.28930637,
       -0.23147963, -0.25520962, -0.16384904, -0.21744666, -0.20438917,
       -0.32875755, -0.27510673, -0.17721859, -0.21316002, -0.2608788 ,
       -0.24879006, -0.27317208, -0.17362227, -0.16976546, -0.27005646,
       -0.2977438 , -0.22121829, -0.1945014 , -0.18713288, -0.25521934,
       -0.28503841, -0.25443238, -0.20949715, -0.16674452, -0.25339544,
       -0.29285094, -0.26353785, -0.21731909, -0.20386693, -0.25977853,
       -0.31150645, -0.25611705, -0.20385554, -0.18067642, -0.27786118,
       -0.29032579, -0.2061815 , -0.17783363, -0.26094231, -0.29404125,
       -0.25240535, -0.20823166, -0.21766904, -0.35535175, -0.2361071 ,
       -0.15642785, -0.20450976, -0.27825651, -0.26068604, -0.26435778,
       -0.25802946, -0.23545234, -0.31061238, -0.29634163, -0.26210037,
       -0.18708286, -0.20315084, -0.30589363, -0.27908474, -0.2324522 ,
       -0.20953561, -0.31097996, -0.31822246, -0.26558855, -0.2109978 ,
       -0.21840598, -0.32361835, -0.29413417, -0.26385382, -0.19505917,
       -0.22529492, -0.33952335, -0.30461195, -0.24604735, -0.18837582,
       -0.18062869, -0.30227655, -0.3253527 , -0.26626617, -0.17393616,
       -0.19721101, -0.29733768, -0.31801966, -0.31048486, -0.22297943,
       -0.20678094, -0.29251629, -0.28911394, -0.28297174, -0.18731177,
       -0.19283426, -0.29859743, -0.26977319, -0.25009573, -0.23614369,
       -0.14690666, -0.2430584 , -0.21631975, -0.22156847, -0.1576391 ,
       -0.15507552, -0.20344771, -0.19363828, -0.18974961, -0.17521524,
       -0.13537735, -0.23483765, -0.17776865, -0.18346566, -0.18488264,
       -0.12996417, -0.11584334, -0.07325955, -0.1332199 , -0.088502  ,
       -0.04959781, -0.08623917, -0.1333122 , -0.10982133, -0.08563673,
       -0.07428309, -0.11693443, -0.0976127 , -0.11163234, -0.0621896 ,
       -0.07212987, -0.07089224, -0.09295316, -0.0837942 , -0.06955361,
       -0.03320034,  0.        , -0.08833622, -0.05184215, -0.03578724,
       -0.03147482,  0.0380629 , -0.0523207 , -0.02398545,  0.        ,
       -0.00609815,  0.15397763,  0.02398545,  0.15065405, -0.02099984,
        0.03762712,  0.05096437,  0.05629153,  0.17747149, -0.00554532,
        0.04849982,  0.06236196,  0.17290181,  0.03331955,  0.00554532,
        0.04720577,  0.10897206,  0.20410942,  0.07543325,  0.00755548,
        0.02479202,  0.15908009,  0.03062373,  0.1157985 ,  0.07500524,
        0.09631585,  0.17702253,  0.04267256,  0.1268287 ,  0.04689976,
        0.22769409,  0.04105945,  0.10735911,  0.04890311,  0.10517941,
        0.08903306,  0.2126722 ,  0.04612799,  0.12412734,  0.13243039,
        0.08442301,  0.25524175,  0.03504443,  0.10869956,  0.13717704,
        0.24892682,  0.12446982,  0.04591739,  0.12310213,  0.11968266,
        0.28455541,  0.07698569,  0.15265308,  0.13502114,  0.14813407,
        0.08302039,  0.13696253,  0.10588623,  0.29074019,  0.07660706,
        0.15276574,  0.11192857,  0.14333007,  0.25762647,  0.3215735 ,
        0.09207348,  0.15982473,  0.12157018,  0.37285152,  0.10131811,
        0.21985514,  0.16918942,  0.1598507 ,  0.21583211,  0.38944185,
        0.10264   ,  0.16055441,  0.20538685,  0.39017892,  0.11662546,
        0.23402679,  0.21371596,  0.18530127,  0.24696615,  0.43931627,
        0.09550735,  0.16363023,  0.15405929,  0.39205641,  0.18562829,
        0.07709116,  0.23698375,  0.14894129,  0.10542434,  0.2296346 ,
        0.52356285,  0.58515549,  0.18238515,  0.28643641,  0.2589004 ,
        0.24467698,  0.5558089 ,  0.1682391 ,  0.22397754,  0.19644178,
        0.1988643 ,  0.14195913,  0.19875884,  0.26495811,  0.51349318,
        0.16029407,  0.17891988,  0.18631537,  0.21711101,  0.07126724,
        0.36182529,  0.07985201,  0.54100883,  0.28205565,  0.12665822,
        0.23655879,  0.22239523,  0.49396574,  0.11962675,  0.24926704,
        0.18767679,  0.24095693,  0.15029307,  0.17233822,  0.16152886,
        0.2385378 ,  0.26560569,  0.12756677,  0.18963911,  0.19191761,
        0.48251054,  0.12289064,  0.26499808,  0.22959018,  0.25638738,
        0.10927155,  0.25276685,  0.18302798,  0.20807287,  0.21371323,
        0.47963798,  0.0850387 ,  0.22193521,  0.22132449,  0.20840655,
        0.45295313,  0.1180939 ,  0.1922686 ,  0.2204542 ,  0.21644801,
        0.44380781,  0.11118939,  0.17577723,  0.18593815,  0.20803626,
        0.41894925,  0.07309893,  0.13684651,  0.17836909,  0.17701823,
        0.4309788 ,  0.07582063,  0.22710603,  0.40266791,  0.07465934,
        0.15594001,  0.10636754,  0.39353353,  0.08037759,  0.17430972,
        0.12218439,  0.13336886,  0.40153566,  0.08493116,  0.19516332,
        0.12711506,  0.14947043,  0.39017108,  0.08715596,  0.16713424,
        0.13542251,  0.11836062,  0.16746615,  0.39156803,  0.05060712,
        0.12553062,  0.13958615,  0.19019639,  0.38603047,  0.07171959,
        0.15950826,  0.16299289,  0.27490044,  0.1224183 ,  0.06309605,
        0.13567877,  0.1124064 ]), array([3.10699863e-04, 3.56924466e-04, 3.09281032e-04, 1.09077466e-03,
       9.85215643e-04, 2.38443622e-04, 1.39368201e-04, 8.24978072e-04,
       1.03041212e-03, 1.37873044e-04, 3.27573151e-04, 2.75859377e-04,
       4.50340674e-04, 5.91597257e-04, 3.24875902e-04, 8.80674463e-04,
       9.46343619e-04, 3.59157510e-04, 7.15731330e-04, 1.99746370e-04,
       3.74286479e-04, 3.91128843e-04, 1.10203298e-04, 8.51045200e-05,
       1.46337187e-04, 7.30345149e-04, 4.40732635e-04, 1.27591018e-04,
       2.42392704e-04, 3.37171069e-04, 6.44969429e-04, 8.63243789e-04,
       5.51025022e-04, 5.37805002e-04, 1.11315170e-04, 1.53134308e-04,
       1.68547888e-04, 5.69908276e-04, 6.30924070e-04, 1.14142211e-04,
       1.48094370e-04, 2.60605161e-04, 6.33331646e-04, 6.39211980e-04,
       2.46434597e-04, 1.94960477e-04, 2.49814702e-04, 6.46108449e-04,
       7.84045945e-04, 8.74451758e-05, 1.33425067e-04, 1.82377168e-04,
       4.92510469e-04, 5.35169229e-04, 9.33929142e-05, 1.57580051e-04,
       1.59967320e-04, 4.33119154e-04, 4.35621049e-04, 1.14620929e-04,
       9.46659235e-05, 1.17184915e-04, 3.51240457e-04, 3.82416697e-04,
       1.25701130e-03, 1.48841902e-03, 3.03780551e-04, 7.15542082e-04,
       8.84945178e-04, 4.22387538e-04, 6.34727523e-04, 2.78029507e-04,
       4.67956836e-04, 5.47340929e-04, 1.05910679e-04, 1.26567372e-04,
       1.47087755e-04, 4.71989743e-04, 6.43974816e-04, 7.36564735e-05,
       9.62143515e-05, 1.10932874e-04, 2.53940848e-04, 2.91958104e-04,
       6.62292273e-05, 8.48897785e-05, 9.75207107e-05, 2.40430903e-04,
       2.49795213e-04, 3.28314762e-04, 2.40511808e-04, 1.97478594e-04,
       6.28823713e-04, 7.15602073e-04, 1.42998782e-04, 2.31077353e-04,
       1.04188596e-03, 1.06174476e-03, 5.84915910e-05, 7.25534546e-05,
       9.26971953e-05, 2.67513092e-04, 2.93222988e-04, 5.64806015e-04,
       5.36515946e-04, 1.55260161e-03, 2.05520433e-03, 5.53714936e-04,
       1.06423998e-03, 3.10773477e-04, 5.10965986e-04, 4.90090446e-04,
       8.86886257e-04, 1.77974687e-03, 3.49944730e-04, 8.56983099e-04,
       6.16666385e-04, 7.08788802e-05, 1.10017109e-04, 2.95068676e-04,
       2.69505427e-04, 9.63699327e-05, 1.06375730e-04, 1.48595877e-04,
       5.52984616e-04, 5.84150999e-04, 1.52342422e-04, 1.62566317e-04,
       1.83659779e-04, 5.32331823e-04, 4.56599014e-04, 3.90883544e-04,
       5.36644868e-04, 2.35451753e-04, 3.72767391e-04, 3.90431084e-04,
       3.95613179e-04, 2.59962498e-04, 2.58521219e-04, 6.24108688e-04,
       6.50466962e-04, 1.73523855e-04, 8.33648210e-04, 4.28745525e-04,
       9.96252530e-04, 5.92020479e-04, 8.38206518e-05, 6.64545065e-05,
       1.06625948e-04, 3.09011892e-04, 3.02112543e-04, 3.26130320e-04,
       2.55061576e-04, 2.29861123e-04, 8.01915719e-04, 6.00508107e-04,
       1.02058535e-04, 8.10198761e-05, 1.45232533e-04, 3.93957311e-04,
       4.66433540e-04, 1.44729793e-04, 1.18078686e-04, 1.89507783e-04,
       5.28385586e-04, 6.01632129e-04, 1.71536467e-04, 1.91112504e-04,
       1.70329341e-04, 5.22869692e-04, 5.03561937e-04, 1.51430510e-04,
       1.79845464e-04, 1.36641644e-04, 3.94923274e-04, 5.15976153e-04,
       1.09845328e-04, 1.47231960e-04, 2.16367435e-04, 7.12681800e-04,
       8.62027649e-04, 1.61300736e-04, 1.35831384e-04, 1.91419591e-04,
       5.56666702e-04, 6.03609636e-04, 4.72467936e-04, 3.04178958e-04,
       2.18241392e-04, 4.82142927e-04, 5.39335397e-04, 9.60457523e-05,
       9.49657860e-05, 1.11964927e-04, 2.16256650e-04, 2.18705738e-04,
       1.14460754e-04, 1.70559873e-04, 1.37110931e-04, 4.50842181e-04,
       4.19050674e-04, 4.07027739e-03, 2.06065333e-04, 3.21505643e-04,
       1.27244099e-04, 2.30330596e-04, 2.25788187e-04, 1.21890818e-04,
       9.63709201e-05, 1.13039205e-04, 2.57019442e-04, 2.77631608e-04,
       3.06130581e-04, 3.17399027e-04, 3.05248812e-04, 6.65841993e-04,
       6.58549492e-04, 1.82963638e-04, 2.26149216e-04, 3.35647030e-04,
       1.16118251e-03, 8.36377844e-04, 1.07444677e-03, 1.92251386e-03,
       1.77880624e-03, 2.63488972e-04, 4.56762772e-04, 2.06259177e-04,
       4.80105262e-04, 5.14892312e-04, 1.05718271e-04, 1.47148732e-04,
       1.33740109e-04, 3.56238311e-04, 3.69943308e-04, 1.64877056e-04,
       2.14688467e-04, 1.94371742e-04, 5.66326190e-04, 6.64580827e-04,
       3.12950833e-04, 5.53961815e-04, 1.89797207e-04, 4.05253387e-04,
       4.02603265e-04, 1.13100921e-04, 1.23751539e-04, 1.42786011e-04,
       3.64968089e-04, 3.03906917e-04, 1.11131912e-04, 1.22921309e-04,
       1.25943176e-04, 3.32808813e-04, 2.98291976e-04, 4.10462266e-04,
       1.10954889e-03, 8.16099739e-04, 3.64112719e-04, 2.08073214e-04,
       2.60984532e-04, 5.33276328e-04, 5.75948960e-04, 8.35516823e-04,
       1.58792128e-03, 4.76141639e-04, 7.63320839e-04, 7.28152371e-04,
       3.07073742e-04, 2.54597189e-04, 2.09288189e-04, 7.72066541e-04,
       7.47417981e-04, 1.31998687e-04, 1.27871716e-04, 1.55752632e-04,
       3.82592504e-04, 4.15942786e-04, 1.57812413e-04, 1.64006784e-04,
       1.52990119e-04, 4.35968438e-04, 4.67136824e-04, 5.06560470e-04,
       7.90626396e-04, 2.62422694e-04, 4.64833531e-04, 4.80427902e-04,
       1.12094680e-03, 6.80414909e-04, 5.76907043e-04, 1.00870823e-03,
       1.00136854e-03, 4.06916645e-04, 1.20026535e-03, 1.76860663e-04,
       3.25567670e-04, 3.29892311e-04, 3.40328733e-04, 1.54748060e-03,
       1.68915787e-03, 1.49598205e-03, 3.47625526e-04, 8.25782904e-04,
       5.23182533e-04, 4.70688427e-04, 2.73666320e-04, 6.92568823e-04,
       1.99760559e-04, 1.80859875e-04, 1.63402024e-04, 4.27240680e-04,
       4.49896493e-04, 9.98205836e-04, 5.01399245e-03, 1.12580591e-02,
       2.40261343e-03, 1.82504472e-04, 2.20033984e-04, 3.93537660e-04,
       9.82551443e-04, 1.82726956e-03, 1.44275866e-04, 1.44919878e-04,
       1.53797728e-04, 6.21494607e-04, 4.62443478e-04, 2.47306727e-04,
       8.13534750e-04, 8.66138940e-04, 1.31321828e-03, 6.29902578e-04,
       3.50310620e-04, 6.65522889e-04, 6.30911251e-04, 1.83161270e-04,
       2.50987378e-04, 2.07441567e-04, 8.02315060e-04, 9.81784403e-04,
       2.39339947e-04, 2.19572673e-04, 7.53441398e-04, 7.10600922e-04,
       1.92086029e-04, 1.83058685e-04, 2.85371856e-04, 8.82256734e-04,
       1.05218969e-03, 2.66632705e-04, 2.21569490e-04, 2.86483230e-04,
       9.60290335e-04, 9.85018275e-04, 4.07737441e-04, 6.60217127e-04,
       2.70420495e-04, 5.44608051e-04, 5.67551505e-04, 9.97443621e-05,
       1.07915593e-04, 9.17477147e-05, 2.26806493e-04, 2.20920570e-04,
       5.14802882e-04, 3.33577551e-04, 4.15838401e-04, 4.00943931e-04,
       4.62354239e-04, 2.69954260e-04, 6.28465231e-04, 7.19526242e-04,
       3.42231884e-04, 1.46502374e-04, 2.10217363e-04, 3.75277826e-04,
       3.48397900e-04, 1.98346599e-04, 2.54059412e-04, 1.93710991e-04,
       7.94369797e-04, 9.81241701e-04, 1.96769047e-04, 3.39297965e-04,
       2.13394302e-04, 1.21924064e-03, 1.15007448e-03, 1.03776658e-04,
       1.12735661e-04, 1.15290910e-04, 3.14740712e-04, 3.52334855e-04,
       5.25935336e-04, 8.83217894e-04, 3.21063935e-04, 6.66529575e-04,
       5.89588162e-04, 2.93802815e-04, 3.01519136e-04, 4.26243022e-04,
       1.74525826e-03, 1.60411619e-03]), array([[0, 1, 0, 0, 0, 0, 0, 0, 0, 0, 0, 0, 0, 1, 0, 0, 0, 0, 1, 0, 0, 0,
        0, 1, 0, 0, 0, 1, 0, 0, 0, 0, 1, 0, 1, 0, 0, 0, 0, 1, 0, 0, 0, 0,
        0, 1, 0, 0, 0, 1, 0, 0, 0, 0, 1, 0, 0, 0, 0, 0, 1, 0, 0, 0, 0, 1,
        0, 0, 0, 0, 1, 0, 0, 0, 1, 0, 0, 0, 0, 1, 0, 0, 0, 0, 1, 0, 0, 0,
        0, 1, 0, 0, 0, 0, 1, 0, 0, 0, 1, 0, 0, 0, 0, 0, 0, 0, 0, 0, 1, 0,
        0, 0, 0, 1, 0, 0, 0, 1, 0, 0, 0, 1, 0, 0, 0, 0, 0, 1, 0, 0, 0, 0,
        1, 0, 0, 0, 1, 0, 0, 0, 0, 1, 0, 0, 0, 0, 0, 1, 0, 0, 0, 1, 0, 0,
        0, 0, 0, 1, 0, 0, 0, 0, 1, 0, 0, 0, 0, 1, 0, 0, 0, 0, 1, 0, 0, 0,
        1, 0, 0, 0, 0, 0, 1, 0, 0, 0, 1, 0, 0, 0, 0, 1, 0, 0, 0, 0, 1, 0,
        0, 0, 0, 0, 0, 1, 0, 0, 0, 0, 1, 0, 0, 0, 1, 0, 0, 0, 0, 1, 0, 0,
        0, 0, 0, 0, 0, 0, 1, 0, 0, 0, 1, 0, 0, 0, 0, 0, 1, 0, 0, 0, 0, 1,
        0, 0, 0, 1, 0, 0, 0, 0, 1, 0, 0, 0, 0, 0, 0, 0, 1, 0, 0, 0, 0, 0,
        1, 0, 0, 0, 1, 0, 0, 0, 0, 0, 1, 0, 0, 0, 1, 0, 0, 0, 0, 0, 1, 0,
        0, 0, 1, 0, 0, 0, 0, 0, 0, 1, 1, 0, 0, 0, 0, 1, 0, 0, 0, 0, 0, 0,
        0, 1, 0, 0, 0, 0, 0, 0, 0, 1, 0, 0, 0, 0, 1, 0, 0, 0, 0, 0, 0, 0,
        0, 0, 0, 0, 0, 1, 0, 0, 0, 0, 0, 0, 0, 0, 0, 1, 0, 0, 0, 0, 1, 0,
        0, 0, 0, 1, 0, 0, 0, 0, 1, 0, 0, 0, 0, 1, 0, 0, 1, 0, 0, 0, 1, 0,
        0, 0, 0, 1, 0, 0, 0, 0, 1, 0, 0, 0, 0, 0, 1, 0, 0, 0, 0, 1, 0, 0,
        0, 1, 0, 0, 0, 0],
       [1, 0, 0, 0, 0, 0, 1, 0, 0, 0, 0, 0, 1, 0, 0, 0, 0, 1, 0, 0, 0, 0,
        1, 0, 0, 0, 0, 0, 0, 1, 0, 0, 0, 0, 0, 1, 0, 0, 0, 0, 1, 0, 0, 0,
        1, 0, 0, 0, 0, 0, 1, 0, 0, 0, 0, 1, 0, 0, 0, 1, 0, 0, 0, 0, 0, 0,
        0, 0, 0, 1, 0, 0, 0, 0, 0, 1, 0, 0, 0, 0, 1, 0, 0, 0, 0, 1, 0, 0,
        0, 0, 1, 0, 0, 0, 0, 1, 0, 0, 0, 1, 0, 0, 0, 1, 0, 0, 0, 1, 0, 0,
        0, 0, 1, 0, 0, 0, 0, 0, 0, 0, 0, 0, 1, 0, 0, 0, 1, 0, 0, 0, 0, 1,
        0, 0, 0, 0, 0, 1, 0, 0, 0, 0, 0, 1, 0, 0, 1, 0, 0, 0, 0, 0, 1, 0,
        0, 0, 1, 0, 0, 0, 0, 1, 0, 0, 0, 0, 1, 0, 0, 0, 0, 1, 0, 0, 0, 0,
        0, 1, 0, 0, 0, 1, 0, 0, 0, 0, 0, 1, 0, 0, 0, 0, 0, 1, 0, 0, 0, 0,
        1, 0, 0, 0, 1, 0, 0, 0, 0, 1, 0, 0, 0, 0, 0, 1, 0, 0, 0, 0, 1, 0,
        0, 0, 0, 0, 0, 1, 0, 0, 0, 0, 0, 0, 1, 0, 0, 1, 0, 0, 0, 0, 1, 0,
        0, 0, 0, 0, 1, 0, 0, 0, 0, 0, 1, 0, 0, 0, 0, 0, 0, 0, 1, 0, 0, 1,
        0, 0, 0, 0, 0, 0, 1, 0, 0, 1, 0, 0, 0, 0, 0, 0, 1, 0, 0, 1, 0, 0,
        0, 0, 0, 1, 0, 0, 0, 0, 0, 0, 0, 0, 1, 0, 0, 0, 0, 1, 0, 0, 0, 0,
        1, 0, 0, 0, 0, 0, 1, 0, 0, 0, 1, 0, 0, 0, 0, 0, 1, 0, 0, 0, 0, 0,
        0, 1, 0, 0, 0, 0, 0, 1, 0, 0, 0, 1, 0, 0, 1, 0, 0, 0, 0, 1, 0, 0,
        0, 0, 1, 0, 0, 0, 0, 1, 0, 0, 0, 0, 1, 0, 0, 1, 0, 0, 0, 0, 0, 0,
        1, 0, 0, 0, 0, 1, 0, 0, 0, 0, 1, 0, 0, 1, 0, 0, 0, 0, 1, 0, 0, 0,
        0, 0, 1, 0, 0, 0],
       [0, 0, 1, 0, 0, 1, 0, 0, 0, 1, 0, 0, 0, 0, 1, 0, 0, 0, 0, 1, 0, 0,
        0, 0, 1, 0, 0, 0, 1, 0, 0, 0, 0, 0, 0, 0, 1, 0, 0, 0, 0, 1, 0, 0,
        0, 0, 1, 0, 0, 0, 0, 1, 0, 0, 0, 0, 1, 0, 0, 0, 0, 1, 0, 0, 0, 0,
        1, 0, 0, 0, 0, 1, 0, 0, 0, 0, 1, 0, 0, 0, 0, 1, 0, 0, 0, 0, 1, 0,
        0, 0, 0, 1, 0, 0, 0, 0, 0, 0, 0, 0, 1, 0, 0, 0, 1, 0, 0, 0, 0, 1,
        0, 0, 0, 0, 1, 0, 0, 0, 1, 0, 0, 0, 0, 1, 0, 0, 0, 0, 1, 0, 0, 0,
        0, 1, 0, 0, 0, 0, 1, 0, 0, 0, 1, 0, 0, 0, 0, 0, 1, 0, 0, 0, 0, 1,
        0, 0, 0, 0, 1, 0, 0, 0, 0, 1, 0, 0, 0, 0, 1, 0, 0, 0, 0, 1, 0, 0,
        0, 0, 1, 0, 0, 0, 0, 1, 0, 0, 0, 0, 1, 0, 0, 0, 1, 0, 0, 0, 0, 1,
        0, 0, 0, 1, 0, 0, 1, 0, 0, 0, 0, 1, 0, 0, 0, 0, 1, 0, 0, 0, 0, 1,
        0, 0, 1, 0, 0, 0, 0, 1, 0, 0, 0, 1, 0, 0, 0, 0, 0, 1, 0, 0, 0, 0,
        1, 0, 0, 0, 0, 1, 0, 0, 0, 1, 0, 0, 0, 1, 0, 0, 0, 1, 0, 0, 0, 0,
        0, 1, 0, 0, 0, 1, 0, 0, 0, 0, 0, 1, 0, 0, 0, 1, 0, 0, 0, 0, 0, 1,
        0, 0, 0, 0, 1, 0, 0, 1, 0, 0, 0, 1, 0, 0, 0, 0, 1, 0, 0, 0, 1, 0,
        0, 0, 1, 0, 0, 0, 0, 1, 0, 0, 0, 1, 0, 0, 0, 1, 0, 0, 0, 1, 0, 0,
        0, 0, 1, 0, 0, 0, 1, 0, 0, 0, 1, 0, 0, 0, 0, 0, 1, 0, 0, 0, 0, 1,
        0, 0, 0, 0, 1, 0, 0, 0, 0, 1, 0, 0, 0, 0, 1, 0, 0, 1, 0, 0, 0, 1,
        0, 0, 0, 0, 1, 0, 0, 0, 0, 1, 0, 0, 0, 0, 0, 1, 0, 0, 0, 0, 1, 0,
        0, 0, 0, 1, 0, 0],
       [0, 0, 0, 1, 1, 0, 0, 1, 1, 0, 1, 1, 0, 0, 0, 1, 1, 0, 0, 0, 1, 1,
        0, 0, 0, 1, 1, 0, 0, 0, 1, 1, 0, 1, 0, 0, 0, 1, 1, 0, 0, 0, 1, 1,
        0, 0, 0, 1, 1, 0, 0, 0, 1, 1, 0, 0, 0, 1, 1, 0, 0, 0, 1, 1, 1, 0,
        0, 1, 1, 0, 0, 0, 1, 1, 0, 0, 0, 1, 1, 0, 0, 0, 1, 1, 0, 0, 0, 1,
        1, 0, 0, 0, 1, 1, 0, 0, 1, 1, 0, 0, 0, 1, 1, 0, 0, 1, 1, 0, 0, 0,
        1, 1, 0, 0, 0, 1, 1, 0, 0, 1, 1, 0, 0, 0, 1, 1, 0, 0, 0, 1, 1, 0,
        0, 0, 1, 1, 0, 0, 0, 1, 1, 0, 0, 0, 1, 1, 0, 0, 0, 1, 1, 0, 0, 0,
        1, 1, 0, 0, 0, 1, 1, 0, 0, 0, 1, 1, 0, 0, 0, 1, 1, 0, 0, 0, 1, 1,
        0, 0, 0, 1, 1, 0, 0, 0, 1, 1, 0, 0, 0, 1, 1, 0, 0, 0, 1, 1, 0, 0,
        0, 1, 1, 0, 0, 0, 0, 1, 1, 0, 0, 0, 1, 1, 0, 0, 0, 1, 1, 0, 0, 0,
        1, 1, 0, 1, 1, 0, 0, 0, 1, 1, 0, 0, 0, 1, 1, 0, 0, 0, 1, 1, 0, 0,
        0, 1, 1, 0, 0, 0, 1, 1, 0, 0, 0, 1, 1, 0, 1, 1, 0, 0, 0, 1, 1, 0,
        0, 0, 1, 1, 0, 0, 0, 1, 1, 0, 0, 0, 1, 1, 0, 0, 0, 1, 1, 0, 0, 0,
        1, 1, 0, 0, 0, 1, 1, 0, 1, 0, 0, 0, 0, 1, 1, 0, 0, 0, 1, 1, 0, 1,
        0, 0, 0, 1, 1, 1, 0, 0, 1, 0, 0, 0, 1, 1, 0, 0, 0, 1, 1, 0, 1, 1,
        1, 0, 0, 1, 1, 0, 0, 0, 1, 1, 0, 0, 1, 1, 0, 0, 0, 1, 1, 0, 0, 0,
        1, 1, 0, 0, 0, 1, 1, 0, 0, 0, 1, 1, 0, 0, 0, 0, 0, 0, 1, 1, 0, 0,
        0, 1, 1, 0, 0, 0, 1, 1, 0, 0, 0, 1, 1, 0, 0, 0, 1, 1, 0, 0, 0, 1,
        1, 0, 0, 0, 1, 1]]))
  kwargs: {}
  exception:
Run 1_debug_tau_restrict
75375 75376 normal
Running object 75375
0.0
{'g': 4.319595, 'r': 4.558665, 'i': 5.3296957, 'z': 5.195274}
[2.16846748 2.3931542  2.40604996 2.66601199 2.99102475 2.10705016
 2.72101387 2.8005986  2.08943352 2.38113811 2.98139906 2.61654876
 2.23600043 2.92982202 2.70928477 2.64725965 2.16305076 2.9400683
 2.28990598 2.13868227 2.25854176 2.4271454  2.77801825 2.36177588
 3.05321186 2.62061255 3.00914661 2.45579393 2.57734414 2.26124196
 2.64313533 2.78745537 2.16668731 2.80928657 2.81902754 2.8417583
 2.58255957 2.5939868  2.62170295 2.68067088 2.88973899 2.90037152
 2.89922916 2.77621266 2.63772231 2.09584852 2.42062077 2.24586573
 2.08740273 2.65695723 2.57211256 2.55565014 2.48758235 2.6345726
 2.12474931 2.51083078 2.51683617 2.28588038 2.19024027 2.83139245
 3.01000829 2.8505128  3.04727794 2.12779687 2.54068369 2.85197665
 2.89155108 2.42183943 2.8954144  2.22348127 2.34101961 2.55416863
 2.64021135 3.00490721 2.24369918 2.88976202 3.0572256  2.30604961
 2.57697875 2.12012305 2.41875057 2.53465051 2.49709611 2.39039115
 2.67082702 2.17653955 2.53365026 2.66610652 2.90638294 2.17834406
 2.6495051  2.36990042 2.90238004 2.22887887 2.24775837 2.93331594
 2.97357881 2.50866596 2.57476743 2.98858976]
(93, 233)
28133
-302.14248235343683
[ 0.29975509  1.00520862  0.01958347  0.00576331 -0.0246265   0.03002006
  0.66784117  1.11676639  1.13039417]
(93, 183)
23433
-302.14248235343683
[ 0.29975509  1.00520862  0.01958347  0.00576331 -0.0246265   0.03002006
  0.66784117  1.11676639  1.13039417]
ROW: 75375 Tau: 1.0052086203061013 V: 0.29975509260060285 dMu: 0.019583474771167106
Run 2_debug_tau_restrict
75375 75376 normal
Running object 75375
0.0
{'g': 4.319595, 'r': 4.558665, 'i': 5.3296957, 'z': 5.195274}
[3.03503982 2.92754002 2.36335611 2.18057414 2.58368081 2.59637241
 3.0197341  3.04999384 2.89573374 2.71671859 2.75228899 2.83530068
 2.12301987 2.93902872 2.80959037 2.21967466 2.7331955  2.56723398
 2.64731233 2.61956963 2.34092336 2.33336095 2.65170218 2.3260337
 2.90334742 3.03186297 2.87307785 2.10873379 2.44169569 2.78484172
 2.79346884 2.42090602 2.52723133 2.95625633 2.86749997 2.4362722
 2.49412173 2.59152551 2.54628911 2.70818022 2.66458913 2.67508488
 2.48789182 2.34665496 2.15325719 2.63351316 2.54327377 2.21219171
 2.65543121 2.15751971 2.12030946 2.14794491 2.93229014 2.46133725
 2.36332785 3.05145901 2.20048722 3.01328429 2.94762071 2.24884595
 2.19259265 2.06483311 2.10228581 2.48292551 2.28771787 2.65287169
 3.04086315 2.45736283 2.5177287  2.41923497 2.09061529 2.6374948
 2.40262948 2.65629578 2.8241857  2.65816994 2.79369569 2.69130483
 2.63172004 2.72304606 3.00182944 2.57987813 2.40899172 2.4749322
 2.16997386 2.0813442  2.24460435 2.14809587 2.98563409 2.71321755
 2.2818685  2.43861294 2.29728204 2.98815247 2.47326832 2.56531688
 2.31234755 2.62158208 2.53484847 2.93403149]
(40, 280)
12280
-302.27561564832763
[ 0.30284111  1.00921269 -0.02839518  0.00650813  0.02732556  0.00824855
  0.66514476  1.11115553  1.10701259]
(40, 230)
10230
-302.27561564832763
[ 0.30284111  1.00921269 -0.02839518  0.00650813  0.02732556  0.00824855
  0.66514476  1.11115553  1.10701259]
ROW: 75375 Tau: 1.0092126862538844 V: 0.30284110791970975 dMu: -0.028395181160027726
Run 3_debug_tau_restrict
75375 75376 normal
Running object 75375
0.0
{'g': 4.319595, 'r': 4.558665, 'i': 5.3296957, 'z': 5.195274}
[2.75272121 2.86058033 3.01516367 2.50986704 2.80637186 2.58236984
 2.65310008 2.23667362 3.00179906 2.68714338 2.64715944 2.75161907
 2.71253702 2.99799211 2.45538797 2.29280655 2.46492351 2.80100607
 2.84672294 2.20490153 2.79365303 2.95533862 2.62868357 2.74838552
 2.27734447 2.26247712 2.70690012 2.19252216 2.48030262 2.36028443
 2.28638725 2.32644932 2.25654524 2.1223733  2.78972642 2.38123647
 2.38039124 2.7979818  2.9488832  2.17573144 2.912356   2.55860658
 2.63618817 2.06560273 2.70595593 2.99164045 3.06088471 2.73226917
 2.82396934 2.38435572 2.11326944 2.31624092 2.63505139 2.67530983
 2.34510626 2.17985049 2.2941545  2.35773099 2.33751391 2.21066927
 2.06714284 2.58406032 2.48793117 2.91463579 2.14718662 2.89011951
 2.19037769 2.39042905 2.79436671 2.54793156 2.298371   2.81439563
 3.03746856 2.89327342 2.24562785 2.44355999 2.62077161 2.57773614
 2.80752793 2.3672146  2.31335291 2.57553427 2.26438642 2.64315408
 2.94277906 2.32409075 2.12463059 2.09086383 2.19655966 2.70237475
 2.45008065 2.31301159 2.49613898 2.60309297 2.9370023  2.41866522
 2.20905244 2.50986181 2.91473218 2.46635131]
(16, 228)
5028
-302.4686116344597
[ 0.2958196   1.00785445 -0.03419788  0.00391358  0.04360829  0.00946757
  0.66145734  1.12140856  1.13390096]
(16, 178)
4178
-302.4686116344597
[ 0.2958196   1.00785445 -0.03419788  0.00391358  0.04360829  0.00946757
  0.66145734  1.12140856  1.13390096]
ROW: 75375 Tau: 1.0078544470004356 V: 0.2958196046456978 dMu: -0.034197880733162093
Run 4_debug_tau_restrict
75375 75376 normal
Running object 75375
0.0
{'g': 4.319595, 'r': 4.558665, 'i': 5.3296957, 'z': 5.195274}
[2.9399904  2.08161031 2.60410388 2.44072245 2.98905654 2.17361104
 2.30334405 2.94984886 2.17476389 2.23876104 2.30602238 2.70443969
 2.51407978 2.51365036 2.07120978 3.02243928 2.52894514 2.64999869
 2.50727691 2.20552975 2.58521143 2.53516328 2.5140899  2.13258351
 2.95564728 2.42786494 2.97905222 3.01243571 2.9561873  2.75544697
 2.81080057 2.1268077  2.49155395 3.00342616 2.57750279 2.57268624
 2.66590633 2.77398977 2.65240704 2.23992769 2.96304991 2.3288028
 2.96049817 2.38309792 2.51076544 2.50283973 2.70259223 2.54484079
 2.55809893 2.77161977 2.64181438 2.21165679 2.76920463 2.26684567
 2.75866263 2.89780945 3.01415368 2.93485869 2.64653234 2.17182143
 2.25117666 2.58701465 2.69576697 2.50812446 2.36266329 2.43391713
 2.87685541 2.54055985 2.73120951 2.95520801 2.73460893 2.45661586
 2.53588291 2.85593312 2.85173564 2.30077229 2.49211251 2.36429985
 2.29422152 2.92194293 2.48550447 3.02712668 2.19323263 2.48572176
 2.25436816 2.69641106 2.82873503 2.82637143 2.32585056 2.44554056
 2.33486104 2.1011769  2.38523684 2.50354814 2.61970343 2.90918697
 2.48366633 2.30459852 2.39908277 2.91220507]
(10, 267)
3267
-302.0901625291811
[ 0.30431515  1.00184249 -0.02083922  0.01108867  0.00879637  0.02787929
  0.66561764  1.09985909  1.10556614]
(10, 217)
2717
-302.0901625291811
[ 0.30431515  1.00184249 -0.02083922  0.01108867  0.00879637  0.02787929
  0.66561764  1.09985909  1.10556614]
ROW: 75375 Tau: 1.0018424853949708 V: 0.30431514874443666 dMu: -0.020839219268886402
Run 5_debug_tau_restrict
75375 75376 normal
Running object 75375
0.0
{'g': 4.319595, 'r': 4.558665, 'i': 5.3296957, 'z': 5.195274}
[2.17023702 2.42253723 3.0126474  2.97139038 2.86320216 2.11295948
 2.62237061 2.18255307 2.97358678 2.14941627 2.8968991  2.314863
 2.9630801  2.82503534 3.03753709 2.77435053 2.63319986 2.40034008
 2.27843478 2.80607395 2.74339428 2.5953577  2.11889273 3.02401844
 2.76318262 2.77734669 2.99637255 2.932685   2.44526278 2.81270883
 3.06121604 2.72297438 2.08453796 2.2675235  2.28351623 2.17502156
 2.81100028 2.34565231 2.25435582 3.02705528 2.43794948 2.70157909
 2.17580399 2.18891429 2.96186604 2.32429227 2.18258852 2.52046725
 2.7044758  2.72012505 2.06920099 2.45842426 2.7096657  2.5880536
 2.18221357 3.00209362 2.47018655 2.98596647 2.95463776 2.13804002
 2.94186573 2.20298045 2.71380564 2.23779113 2.07805017 2.23850743
 2.99691078 2.80296957 2.34095676 2.76927372 2.26284688 2.20607366
 2.17262809 2.86325178 2.99409527 2.32351347 2.13315116 2.08985666
 2.47259594 3.04954416 2.23776362 2.4819923  3.02104276 2.57121709
 2.23462699 3.05347891 2.34572664 2.27276991 2.82223817 2.59046772
 2.91311047 2.47895334 2.33574293 2.16757586 2.76105619 2.35299269
 2.72750827 2.0855436  2.57333673 2.22518355]
(90, 226)
27226
-302.18170939605017
[ 0.29401483  1.00463251 -0.02179413  0.00616905 -0.03116599 -0.01689572
  0.65953648  1.10359706  1.10109063]
(90, 176)
22676
-302.18170939605017
[ 0.29401483  1.00463251 -0.02179413  0.00616905 -0.03116599 -0.01689572
  0.65953648  1.10359706  1.10109063]
ROW: 75375 Tau: 1.0046325119396495 V: 0.29401482545853513 dMu: -0.02179412806207967
Run 6_debug_tau_restrict
75375 75376 normal
Running object 75375
0.0
{'g': 4.319595, 'r': 4.558665, 'i': 5.3296957, 'z': 5.195274}
[2.68206498 2.97288535 2.27173516 3.02942182 2.7167935  2.44891198
 2.82081028 3.01838302 2.47227287 2.50820066 2.06890366 2.06996543
 2.5368566  2.94244167 2.72279944 2.6979555  2.43392953 2.08315258
 2.72433363 2.50738627 2.8650414  2.53216315 2.12781657 3.01860459
 2.91392847 2.97803264 2.62625092 2.07358218 2.80105683 2.64907861
 2.72503068 2.51860621 2.52451159 3.00923755 2.60877317 2.38466616
 2.5958601  2.71072074 3.03394884 2.36217508 2.86962511 2.10090475
 2.78488796 2.18968605 2.71600274 2.25294465 2.8837236  2.54618557
 2.32187733 2.54464567 2.65953894 2.87645944 2.53792911 2.16518566
 2.69672564 2.127384   2.22333109 2.44322835 2.19474895 2.90488992
 2.26254772 2.67826703 3.06165291 3.04806646 2.4825014  2.41154444
 2.68222609 2.95099039 2.9511519  2.11162835 2.6996299  2.51208627
 2.19846087 2.6134899  2.49723768 2.584509   2.92821975 2.91427488
 2.57472003 3.06157821 2.35600693 2.19769781 3.02316847 2.70798257
 2.87282641 2.65852177 3.04920883 2.27053686 2.11702783 2.48919644
 2.99885188 2.83850007 2.86384678 2.36434737 2.7962068  2.70307823
 2.60132071 2.95809077 2.73342857 2.17870931]
(48, 243)
14643
-302.41392276608315
[ 0.28450316  1.00216431 -0.00539784 -0.06257184 -0.02040813  0.0058256
  0.66281894  1.10245053  1.12161058]
(48, 193)
12193
-302.41392276608315
[ 0.28450316  1.00216431 -0.00539784 -0.06257184 -0.02040813  0.0058256
  0.66281894  1.10245053  1.12161058]
ROW: 75375 Tau: 1.002164312857353 V: 0.28450316402327125 dMu: -0.005397842371629262
Run 7_debug_tau_restrict
75375 75376 normal
Running object 75375
0.0
{'g': 4.319595, 'r': 4.558665, 'i': 5.3296957, 'z': 5.195274}
[2.27683476 2.9699661  2.17542095 2.91790934 2.07104563 2.42887452
 2.50934146 2.10228616 3.05055493 2.43277843 2.65084559 2.16291905
 3.04053764 2.32351698 2.42554634 2.88326985 2.35112819 2.53345843
 2.23392552 2.42313396 2.32744071 2.56740884 2.12670083 2.63065968
 2.607831   2.27201301 2.39689299 2.15590526 2.70321351 2.15260263
 2.58701484 2.34770516 2.20061762 2.93227039 2.93875675 2.15045288
 2.49580401 2.39174784 2.10642182 2.44357674 2.09148095 2.80781603
 2.46902906 2.39932211 2.8886066  2.4591185  2.39913497 2.43167974
 2.2847868  2.79873352 2.32408962 2.50768499 2.87911201 2.6750698
 2.41637636 2.91662237 2.10848768 2.41446993 2.3536859  2.70329588
 2.93314992 2.9494626  2.29796284 2.35957132 2.17239425 2.50454418
 2.77410126 2.37198184 2.32234934 3.04507366 2.89693427 2.54392849
 3.04501613 2.86838562 2.65791636 2.57746257 2.38165928 2.7789593
 2.84593176 2.41367324 2.69178926 2.75439377 2.45186911 2.36462476
 2.21524546 2.79977334 2.09634281 3.05358115 2.63318569 2.1187304
 2.92751721 2.38293278 2.44649374 2.83069672 2.37433695 2.2544403
 2.08534148 2.84401364 2.54096753 2.30923804]
(63, 212)
19112
-302.00584161702676
[ 0.29334017  1.00214945 -0.02285032 -0.03919382 -0.01326573  0.02011056
  0.6609151   1.10918814  1.10652177]
(63, 162)
15912
-302.00584161702676
[ 0.29334017  1.00214945 -0.02285032 -0.03919382 -0.01326573  0.02011056
  0.6609151   1.10918814  1.10652177]
ROW: 75375 Tau: 1.0021494539855713 V: 0.29334017357244635 dMu: -0.02285031674223601
Run 8_debug_tau_restrict
75375 75376 normal
Running object 75375
0.0
{'g': 4.319595, 'r': 4.558665, 'i': 5.3296957, 'z': 5.195274}
[2.4709955  2.82303768 2.69835516 2.85435327 3.02557092 2.61053035
 2.93091666 3.02471597 2.32694047 2.90231531 2.6473254  2.75668497
 2.51095094 2.24002354 2.43064861 2.7944517  2.53319865 2.14305393
 2.40894714 2.50480147 2.72248702 2.63837896 2.21949007 2.36889832
 2.93155258 2.06352981 2.15649956 2.98257728 2.44879339 2.65882116
 2.63978043 3.04642242 2.80231845 2.63489367 2.80400002 2.66743466
 2.48116921 2.6757119  2.21237067 2.21109153 2.16117026 2.40607475
 2.3001094  2.73108665 2.06512102 2.4170194  2.61087028 2.22443181
 2.23383451 2.12735995 2.70496782 2.70582748 2.13373414 2.58494292
 2.52891481 2.40522106 2.10042726 2.68763919 2.7785008  2.86880504
 2.51257809 3.0202041  2.96969834 3.05203828 2.54227945 2.42103809
 2.26538616 2.9180289  2.18103805 2.37631737 2.68312824 2.50688861
 2.42708731 2.76282596 2.09474198 2.11625082 2.58766064 2.84943632
 2.52698322 3.04585092 2.90417365 2.64989959 3.03205607 2.29944041
 2.98556957 2.2872343  2.09891039 2.43263566 2.88186904 2.17116226
 2.87188463 2.11192335 2.49072029 2.35475708 2.74345455 2.59208885
 2.70349305 2.59664116 2.42956463 2.12097956]
(51, 295)
15595
-302.1790506014321
[ 3.00202170e-01  1.00536155e+00 -3.29624466e-02  4.32295159e-02
  3.77415811e-03 -6.62281730e-05  6.66507557e-01  1.11358175e+00
  1.11338090e+00]
(51, 245)
12995
-302.1790506014321
[ 3.00202170e-01  1.00536155e+00 -3.29624466e-02  4.32295159e-02
  3.77415811e-03 -6.62281730e-05  6.66507557e-01  1.11358175e+00
  1.11338090e+00]
ROW: 75375 Tau: 1.0053615526495951 V: 0.30020216989329435 dMu: -0.032962446605508254
Run 9_debug_tau_restrict
75375 75376 normal
Running object 75375
0.0
{'g': 4.319595, 'r': 4.558665, 'i': 5.3296957, 'z': 5.195274}
[2.60832745 2.12378073 2.22613408 2.60954582 2.56444014 2.16402618
 2.66602176 2.27156109 2.85199054 3.02924279 2.33904207 2.66029865
 2.21430958 2.42225847 2.55859779 2.85437159 2.80579105 2.26443365
 2.25715908 2.07427948 3.01510025 2.66261538 2.56136639 2.21934168
 2.98248621 2.82005782 2.96249451 2.07545234 2.73475399 2.36916887
 2.11813537 2.84163671 2.19872695 2.16731166 2.76023195 2.73492571
 2.97750569 2.47593069 2.90172614 2.90477687 2.73299934 2.14840045
 2.54226382 2.73988858 2.36307577 2.97416179 2.84231181 2.52101125
 2.70637368 2.47680383 2.73507273 2.66052737 2.76914818 2.75200709
 2.49919398 2.88865302 2.86398398 2.83382812 2.55326998 2.11094874
 2.24261121 2.15273241 2.21170455 2.95084836 2.74256445 2.67811887
 2.6156288  2.65979232 2.57162024 2.71279661 2.13353842 2.64299068
 2.54527384 2.40297244 2.44341782 2.46099345 2.61891503 2.75748091
 2.80507362 2.77159338 2.87386091 2.523159   2.84796518 2.57261073
 2.16082078 3.04492437 2.17587731 2.40304474 2.82725965 2.16980931
 2.83904771 2.42611327 2.64152931 2.94536533 2.89597065 2.93781339
 2.73010113 2.11535973 2.37951255 2.91547702]
(82, 265)
24865
-302.3155351318289
[ 0.28848444  1.00016108  0.01254692 -0.05403413 -0.00213651 -0.0039276
  0.65844366  1.12218559  1.14087882]
(82, 215)
20715
-302.3155351318289
[ 0.28848444  1.00016108  0.01254692 -0.05403413 -0.00213651 -0.0039276
  0.65844366  1.12218559  1.14087882]
ROW: 75375 Tau: 1.000161084063028 V: 0.28848444220546215 dMu: 0.012546923904805017
Run 10_debug_tau_restrict
75375 75376 normal
Running object 75375
0.0
{'g': 4.319595, 'r': 4.558665, 'i': 5.3296957, 'z': 5.195274}
[2.28129636 2.41373934 2.76176344 2.11901415 2.62488718 2.1946538
 2.07059695 2.54378385 2.29673587 2.97382706 2.56217797 2.15110156
 2.18359003 2.45489023 2.93897613 2.74861126 2.88205444 2.84514758
 2.73959584 2.69310074 2.14365221 2.91700378 2.90570972 2.29130295
 2.4715169  2.20546756 2.2171801  2.86745117 2.85239493 2.56757841
 3.00740408 2.67954762 2.46543289 3.01158416 2.95155516 2.35047078
 2.09372339 2.37482617 2.34042441 3.00241342 2.84932374 2.99815054
 2.1221645  2.76890168 2.26971174 2.60204604 2.66787172 2.52071702
 2.40022039 2.53829487 2.41546251 2.51682744 2.14602445 2.39053834
 2.49197057 2.83729202 2.56170017 2.53475688 3.05685565 2.23863829
 2.22060531 2.8514054  2.69872862 2.55164776 2.41889612 2.73968354
 2.337427   3.00578173 2.76021673 2.37995833 2.26549063 2.8773301
 2.15721608 2.89164063 2.56091863 2.17111742 2.10939629 2.21553151
 2.85154003 2.97943185 2.40695674 2.60975526 2.85919031 2.46531871
 2.58233162 2.71507212 2.26345024 2.46704779 2.88854526 2.81000186
 2.19263189 2.3423516  2.8770196  2.4315175  3.01197046 2.50280696
 2.64808647 2.69768057 2.74533462 2.97440494]
(16, 198)
4998
-302.00842791805724
[ 0.29903375  1.00774667  0.00832128 -0.00191868  0.00350791 -0.01772599
  0.66619561  1.10899647  1.11710736]
(16, 148)
4148
-302.00842791805724
[ 0.29903375  1.00774667  0.00832128 -0.00191868  0.00350791 -0.01772599
  0.66619561  1.10899647  1.11710736]
ROW: 75375 Tau: 1.0077466693803339 V: 0.29903375419256945 dMu: 0.008321284375956986
