63815 63816 normal
Running object 63815
0.0
{'g': 1.0244583, 'r': 1.4031603, 'i': 1.7633209, 'z': 1.7331656}
(3, 296)
1196
437.57149369525615
[-0.29629545  3.60526437 -0.01123434  0.02511448  0.01282291  0.02169142
  0.59079222  1.12680269  1.08256433]
(3, 246)
996
437.57149369525615
[-0.29629545  3.60526437 -0.01123434  0.02511448  0.01282291  0.02169142
  0.59079222  1.12680269  1.08256433]
ROW: 63815 Tau: 3.6052643676322034 V: -0.2962954540400392 dMu: -0.01123433792048828
[-0.30499733  3.56637213]
ROW: 63815 Tau: 3.5663721324344366 V: -0.3049973315583462
60141 60142 normal
Running object 60141
0.0
{'g': 1.6392, 'r': 1.8554038, 'i': 2.6227076, 'z': 2.6677506}
(73, 116)
22016
564.2886957265436
[-7.18016180e-01  3.23302250e+00 -3.85545088e-03  1.53721664e-03
  3.13042202e-02 -1.81569819e-02  6.37812354e-01  9.71490911e-01
  9.26213754e-01]
(73, 66)
18316
564.2886957265436
[-7.18016180e-01  3.23302250e+00 -3.85545088e-03  1.53721664e-03
  3.13042202e-02 -1.81569819e-02  6.37812354e-01  9.71490911e-01
  9.26213754e-01]
ROW: 60141 Tau: 3.2330225024610195 V: -0.7180161798606731 dMu: -0.0038554508822542153
[-0.72226834  3.20840612]
ROW: 60141 Tau: 3.2084061192000477 V: -0.7222683366215369
47662 47663 normal
Running object 47662
0.0
{'g': 1.1790453, 'r': 1.4696927, 'i': 2.075582, 'z': 2.90398}
(55, 180)
16680
547.5878051029358
[-7.15253963e-01  3.42482323e+00 -3.11048275e-03 -3.82607737e-03
 -9.37543485e-03 -3.11992284e-02  5.67419066e-01  9.16256654e-01
  1.09849795e+00]
(55, 130)
13880
547.5878051029358
[-7.15253963e-01  3.42482323e+00 -3.11048275e-03 -3.82607737e-03
 -9.37543485e-03 -3.11992284e-02  5.67419066e-01  9.16256654e-01
  1.09849795e+00]
ROW: 47662 Tau: 3.4248232256144284 V: -0.7152539629183652 dMu: -0.0031104827531703086
[-0.78692274  3.26761579]
ROW: 47662 Tau: 3.2676157947799336 V: -0.7869227433449288
17999 18000 normal
Running object 17999
0.0
{'g': 2.2057827, 'r': 2.568015, 'i': 3.5001686, 'z': 3.3355742}
(72, 238)
21838
406.7470039907596
[-7.29433403e-01  2.43360470e+00 -1.60918776e-02 -2.30400081e-03
  8.79486282e-03 -1.49027182e-02  6.61823782e-01  1.04156721e+00
  9.52214047e-01]
(72, 188)
18188
406.7470039907596
[-7.29433403e-01  2.43360470e+00 -1.60918776e-02 -2.30400081e-03
  8.79486282e-03 -1.49027182e-02  6.61823782e-01  1.04156721e+00
  9.52214047e-01]
ROW: 17999 Tau: 2.4336046956280453 V: -0.729433403273281 dMu: -0.016091877628330337
[-0.71760519  2.43905497]
ROW: 17999 Tau: 2.4390549729532975 V: -0.7176051873346188
9004 9005 normal
Running object 9004
0.0
{'g': 2.7318854, 'r': 2.8564348, 'i': 3.8567748, 'z': 3.647069}
(12, 283)
3883
694.4489752461965
[-6.09709890e-01  3.38438513e+00  1.03644652e-02 -1.02705646e-03
 -1.45045497e-02  9.62997439e-04  7.07095233e-01  1.35526260e+00
  1.29038516e+00]
(12, 233)
3233
694.4489752461965
[-6.09709890e-01  3.38438513e+00  1.03644652e-02 -1.02705646e-03
 -1.45045497e-02  9.62997439e-04  7.07095233e-01  1.35526260e+00
  1.29038516e+00]
ROW: 9004 Tau: 3.3843851284302953 V: -0.6097098897909112 dMu: 0.010364465199259407
[-0.48134142  3.65841321]
ROW: 9004 Tau: 3.658413213617947 V: -0.4813414200272985
3347 3348 normal
Running object 3347
0.0
{'g': 1.2993842, 'r': 1.9879203, 'i': 1.8528771, 'z': 1.7487404}
(34, 276)
10476
509.3283611231754
[-0.95505736  2.42151406  0.0036937  -0.02021228 -0.03288812  0.00336555
  0.48517464  0.78156735  0.81124265]
(34, 226)
8726
509.3283611231754
[-0.95505736  2.42151406  0.0036937  -0.02021228 -0.03288812  0.00336555
  0.48517464  0.78156735  0.81124265]
ROW: 3347 Tau: 2.421514062070812 V: -0.9550573576859879 dMu: 0.0036937025832304154
[-0.8393006   2.66305708]
ROW: 3347 Tau: 2.663057083924078 V: -0.839300596718961
64167 64168 normal
Running object 64167
0.0
{'g': 1.8581653, 'r': 2.0737324, 'i': 2.951532, 'z': 3.115777}
(6, 219)
2019
147.17621387036232
[-5.90634154e-01  3.15018572e+00 -3.07828366e-03  6.23282413e-03
 -1.32705794e-02 -6.16779984e-03  6.04797328e-01  8.85841222e-01
  9.31889615e-01]
(6, 169)
1669
147.17621387036232
[-5.90634154e-01  3.15018572e+00 -3.07828366e-03  6.23282413e-03
 -1.32705794e-02 -6.16779984e-03  6.04797328e-01  8.85841222e-01
  9.31889615e-01]
ROW: 64167 Tau: 3.150185720736502 V: -0.5906341535170792 dMu: -0.003078283663063709
[-0.67383601  2.96488106]
ROW: 64167 Tau: 2.964881062805103 V: -0.6738360146452205
72126 72127 normal
Running object 72126
0.0
{'g': 2.0531697, 'r': 2.3269138, 'i': 2.3083303, 'z': 2.4798653}
(96, 130)
28930
302.02176483190067
[-0.68776778  2.84142858  0.01157175 -0.02301169 -0.01021541  0.01036709
  0.91077262  1.04504449  1.17607144]
(96, 80)
24080
302.02176483190067
[-0.68776778  2.84142858  0.01157175 -0.02301169 -0.01021541  0.01036709
  0.91077262  1.04504449  1.17607144]
ROW: 72126 Tau: 2.841428580413617 V: -0.6877677787697191 dMu: 0.011571754144133431
[-0.58689272  3.1149772 ]
ROW: 72126 Tau: 3.1149771991816833 V: -0.5868927233152049
74440 74441 normal
Running object 74440
0.0
{'g': 0.9815383, 'r': 1.2569711, 'i': 1.1889147, 'z': 1.3543663}
(63, 140)
19040
178.319613438662
[-0.36820013  3.55270484 -0.00953919  0.01421003 -0.03435328 -0.01724792
  0.77138336  0.77429434  0.84362541]
(63, 90)
15840
178.319613438662
[-0.36820013  3.55270484 -0.00953919  0.01421003 -0.03435328 -0.01724792
  0.77138336  0.77429434  0.84362541]
ROW: 74440 Tau: 3.552704840634621 V: -0.36820013401161966 dMu: -0.009539191483935165
[-0.42457544  3.497821  ]
ROW: 74440 Tau: 3.4978210000163967 V: -0.42457543985164237
75375 75376 normal
Running object 75375
0.0
{'g': 4.319595, 'r': 4.558665, 'i': 5.3296957, 'z': 5.195274}
(71, 296)
21596
-220.22118876670007
[-0.18766771  0.00707568 -0.02088927 -0.00491128  0.00717534  0.00394143
  0.66282452  1.1072614   1.1233871 ]
(71, 246)
17996
-220.22118876670007
[-0.18766771  0.00707568 -0.02088927 -0.00491128  0.00717534  0.00394143
  0.66282452  1.1072614   1.1233871 ]
ROW: 75375 Tau: 0.0070756792218191495 V: -0.1876677098390856 dMu: -0.020889265054962178
[-1.97660934e-01  3.19604288e-05]
ROW: 75375 Tau: 3.196042875046323e-05 V: -0.19766093437053073
